0.0 0 0 0
0.016666666666666666 0 0 0
0.03333333333333333 0 0 0
0.05 0 0 0
0.06666666666666667 0 0 0
0.08333333333333333 0 0 0
0.1 0 0 0
0.11666666666666667 0 0 0
0.13333333333333333 0 0 0
0.15 0 0 0
0.16666666666666666 0 0 0
0.18333333333333332 0 0 0
0.2 0 0 0
0.21666666666666667 0 0 0
0.23333333333333334 0 0 0
0.25 0 0 0
0.26666666666666666 0 0 0
0.2833333333333333 0 0 0
0.3 0 0 0
0.31666666666666665 0 0 0
0.3333333333333333 0 0 0
0.35 0 0 0
0.36666666666666664 0 0 0
0.38333333333333336 0 0 0
0.4 0 0 0
0.4166666666666667 0 0 0
0.43333333333333335 0 0 0
0.45 0 0 0
0.4666666666666667 0 0 0
0.48333333333333334 0 0 0
0.5 0 0 0
0.5166666666666667 0 0 0
0.5333333333333333 0 0 0
0.55 0 0 0
0.5666666666666667 0 0 0
0.5833333333333334 0 0 0
0.6 0 0 0
0.6166666666666667 0 0 0
0.6333333333333333 0 0 0
0.65 0 0 0
0.6666666666666666 0 0 0
0.6833333333333333 0 0 0
0.7 0 0 0
0.7166666666666667 0 0 0
0.7333333333333333 0 0 0
0.75 0 0 0
0.7666666666666667 0 0 0
0.7833333333333333 0 0 0
0.8 0 0 0
0.8166666666666667 0 0 0
0.8333333333333334 0 0 0
0.85 0 0 0
0.8666666666666667 0 0 0
0.8833333333333333 0 0 0
0.9 0 0 0
0.9166666666666666 0 0 0
0.9333333333333333 0 0 0
0.95 0 0 0
0.9666666666666667 0 0 0
0.9833333333333333 0 0 0
1.0 0.8 0.0 0
1.0166666666666666 0.8 0.0 0
1.0333333333333334 0.7999748251151726 0.006346588213296424 0
1.05 0.7999983282884587 -0.0016354619137955357 0
1.0666666666666667 0.7999780574999618 -0.005925159794295224 0
1.0833333333333333 0.799993749819242 0.0031623172118221106 0
1.1 0.7999836779647751 0.005110282766250322 0
1.1166666666666667 0.7999836779647751 0.005110282766250322 0
1.1333333333333333 0.7999874605235529 -0.0044791745977417865 0
1.15 0.7999902184266015 -0.003956061394694447 0
1.1666666666666667 0.7999811032033769 0.005498592320597177 0
1.1833333333333333 0.7999959704844741 0.002539135404908365 0
1.2 0.7999763384171233 -0.006152883286079066 0
1.2166666666666666 0.7999763384171233 -0.006152883286079066 0
1.2333333333333334 0.7999994316618992 -0.0009535935393926659 0
1.25 0.7999744107388347 0.0063986063368699116 0
1.2666666666666666 0.7999996978711265 -0.0006952741231880798 0
1.2833333333333334 0.7999758236809604 -0.00621944740060979 0
1.3 0.7999966995759886 0.0022979703056215063 0
1.3166666666666667 0.7999966995759886 0.0022979703056215063 0
1.3333333333333333 0.7999802081810143 0.005627301188052696 0
1.35 0.7999912199560546 -0.0037480652640345894 0
1.3666666666666667 0.7999864189975782 -0.004661482535774089 0
1.3833333333333333 0.7999846903265964 0.004949266921457071 0
1.4 0.7999928338413868 0.0033861190805209193 0
1.4166666666666667 0.7999928338413868 0.0033861190805209193 0
1.4333333333333333 0.799978816261072 -0.005821815312600414 0
1.45 0.7999977771183996 -0.001885896502881109 0
1.4666666666666666 0.7999751320853434 0.006307776552593628 0
1.4833333333333334 0.7999999576079059 0.000260436842438942 0
1.5 0.799974600113373 -0.006374886151864595 0
1.5166666666666666 0.799974600113373 -0.006374886151864595 0
1.5333333333333334 0.7999988057475188 0.0013823178157556452 0
1.55 0.7999773592969535 0.006018688584159348 0
1.5666666666666667 0.7999946224131356 -0.002933276336251173 0
1.5833333333333333 0.7999826889327131 -0.005262832696004556 0
1.6 0.799988500324558 0.004289446172263251 0
1.6166666666666667 0.799988500324558 0.004289446172263251 0
1.6333333333333333 0.7999891969044404 0.004157503600561982 0
1.65 0.7999820386100102 -0.005360774325814707 0
1.6666666666666667 0.7999951832996933 -0.002776093890725837 0
1.6833333333333333 0.7999769250980466 0.006076126288546552 0
1.7 0.7999990844330802 0.001210333108520096 0
1.7166666666666666 0.7999990844330802 0.001210333108520096 0
1.7333333333333334 0.7999744954518943 -0.006388006456429451 0
1.75 0.7999998812974276 0.0004358028244262384 0
1.7666666666666666 0.7999753842990017 0.0062757083795040945 0
1.7833333333333334 0.799997365744851 -0.0020529981244894603 0
1.8 0.7999793594712916 -0.005746687733120931 0
1.8166666666666667 0.7999793594712916 -0.005746687733120931 0
1.8333333333333333 0.7999921948588753 0.0035338597707513224 0
1.85 0.7999853826454548 0.0048360679901335146 0
1.8666666666666667 0.7999857193125554 -0.004780051879790257 0
1.8833333333333333 0.7999918805468378 -0.0036043111871847003 0
1.9 0.7999796305544841 0.00570882631643807 0
1.9166666666666667 0.7999796305544841 0.00570882631643807 0
1.9333333333333333 0.7999971558882115 0.0021332066877585484 0
1.95 0.7999755189906183 -0.006258515454254498 0
1.9666666666666666 0.799999830712423 -0.0005204422105780872 0
1.9833333333333334 0.7999744585702802 0.006392623498004102 0
2.0 0.7999992063329584 -0.001126883595016489 0
2.0166666666666666 0.7999992063329584 -0.001126883595016489 0
2.033333333333333 0.7999767262767249 -0.006102246764437885 0
2.05 0.7999954458431603 0.0026993758914164567 0
2.066666666666667 0.7999817297814931 0.005406664018628265 0
2.0833333333333335 0.7999895315131896 -0.0040926115509976446 0
2.1 0.799988162155915 -0.004352058179939437 0
2.1166666666666667 0.799988162155915 -0.004352058179939437 0
2.1333333333333333 0.7999830082050441 0.005214075489331501 0
2.15 0.7999943432358275 0.0030084532034045388 0
2.1666666666666665 0.7999775798377449 -0.005989303544200187 0
2.183333333333333 0.799998658484666 -0.0014650674847277339 0
2.2 0.7999746643169027 0.0063668242522417 0
2.216666666666667 0.7999746643169027 0.0063668242522417 0
2.2333333333333334 0.7999999807258108 -0.0001756095169463387 0
2.25 0.7999750231815679 -0.006321573036040787 0
2.2666666666666666 0.7999979645784614 0.0018046247030532538 0
2.283333333333333 0.7999785626958105 0.005856554204081703 0
2.3 0.7999931366775002 -0.0033137997668210243 0
2.316666666666667 0.7999931366775002 -0.0033137997668210243 0
2.3333333333333335 0.7999843583317245 -0.005002641760022029 0
2.35 0.7999867581069081 0.0046029179440101875 0
2.3666666666666667 0.7999908962500346 0.003816532073282471 0
2.3833333333333333 0.7999804949865635 -0.005586379959588521 0
2.4 0.7999964687128299 -0.002376982751777313 0
2.4166666666666665 0.7999964687128299 -0.002376982751777313 0
2.433333333333333 0.7999759832682654 0.0061988865106643 0
2.45 0.7999996201540908 0.0007795853453195665 0
2.466666666666667 0.7999744014234276 -0.0063997708731400975 0
2.4833333333333334 0.7999995273913547 0.0008695824337571642 0
2.5 0.7999761626322 0.0061756959332589165 0
2.5166666666666666 0.7999761626322 0.0061756959332589165 0
2.533333333333333 0.7999962146550564 -0.002461003368751936 0
2.55 0.7999808068642675 -0.005541538486328976 0
2.566666666666667 0.7999905472590815 0.0038889968006351515 0
2.5833333333333335 0.7999871210349688 0.004539402844226799 0
2.6 0.7999840055661468 -0.005058738809563845 0
2.6166666666666667 0.7999840055661468 -0.005058738809563845 0
2.6333333333333333 0.7999934558573146 -0.003235828405670434 0
2.65 0.7999782982994303 0.005892558862484894 0
2.6666666666666665 0.7999981566380799 0.0017173746458479804 0
2.683333333333333 0.7999749162153558 -0.006335094808658075 0
2.7 0.7999999954976753 -8.487472863008978e-05 0
2.716666666666667 0.7999999954976753 -8.487472863008978e-05 0
2.7333333333333334 0.7999747427205801 0.006356965403538331 0
2.75 0.7999984921102351 -0.0015532615202350514 0
2.7666666666666666 0.7999778231321698 -0.005956718619749416 0
2.783333333333333 0.7999940391735016 0.003088249806269816 0
2.8 0.7999833528411804 0.005160927918837343 0
2.816666666666667 0.7999833528411804 0.005160927918837343 0
2.8333333333333335 0.7999877998289335 -0.00441815853746476 0
2.85 0.7999898874707618 -0.0040224301756506394 0
2.8666666666666667 0.7999814038315667 0.005454679062605597 0
2.8833333333333333 0.7999957201439973 0.002616820835873803 0
2.9 0.7999765218430629 -0.0061289884871487885 0
2.9166666666666665 0.7999765218430629 -0.0061289884871487885 0
2.933333333333333 0.7999993273276196 -0.0010374369167784395 0
2.95 0.7999744290513368 0.006396316439002903 0
2.966666666666667 0.7999997667960603 -0.000610840608685267 0
2.9833333333333334 0.7999756720967773 -0.006238914433572878 0
3.0 0.7999969237563396 0.0022185536715050923 0
3.0166666666666666 0.7999969237563396 0.0022185536715050923 0
3.033333333333333 0.7999799262941781 0.005667232689897627 0
3.05 0.7999915408341478 -0.0036789392229481677 0
3.066666666666667 0.799986080437746 -0.004719227251597602 0
3.0833333333333335 0.7999850240870632 0.0048950215955606965 0
3.1 0.7999925270419902 0.0034578428204096352 0
3.1166666666666667 0.7999925270419902 0.0034578428204096352 0
3.1333333333333333 0.7999790757242365 -0.00578605248821349 0
3.15 0.7999975822174821 -0.0019668365928530405 0
3.1666666666666665 0.799975249478763 0.0062928706796659215 0
3.183333333333333 0.7999999255151743 0.000345218359428829 0
3.2 0.7999745447737174 -0.006381826860995386 0
3.216666666666667 0.7999745447737174 -0.006381826860995386 0
3.2333333333333334 0.7999989448458775 0.0012993250104213145 0
3.25 0.7999771456790103 0.006047015070551765 0
3.2666666666666666 0.799994896368911 -0.0028575835412940685 0
3.283333333333333 0.7999823728339279 -0.00531066427092189 0
3.3 0.7999888375785092 0.004226079718317585 0
3.316666666666667 0.7999888375785092 0.004226079718317585 0
3.3333333333333335 0.7999888608909624 0.004221664408787057 0
3.35 0.7999823510695647 -0.00531394177722695 0
3.3666666666666667 0.7999949151401129 -0.0028523236078083995 0
3.3833333333333333 0.7999771311476667 0.006048937158619261 0
3.4 0.7999989541726529 0.001293569735913817 0
3.4166666666666665 0.7999989541726529 0.001293569735913817 0
3.433333333333333 0.7999745412710095 -0.0063822659172058415 0
3.45 0.79999992296129 0.0003510867844890861 0
3.466666666666667 0.7999752579196027 0.006291797554382399 0
3.4833333333333334 0.7999975684500351 -0.001972428460397826 0
3.5 0.799979093903864 -0.005783538428404067 0
3.5166666666666666 0.799979093903864 -0.005783538428404067 0
3.533333333333333 0.7999925056571494 0.0034627867961860635 0
3.55 0.7999850472569126 0.0048912335208454874 0
3.566666666666667 0.799986057021373 -0.004723195041124943 0
3.5833333333333335 0.799991562942153 -0.003674128654699262 0
3.6 0.7999799069627392 0.005669960836474492 0
3.6166666666666667 0.7999799069627392 0.005669960836474492 0
3.6333333333333333 0.7999969390277502 0.002213040042623246 0
3.65 0.7999756618996994 -0.006240221801973082 0
3.6666666666666665 0.7999997712418627 -0.0006049900556554454 0
3.683333333333333 0.7999744306521127 0.006396116230040747 0
3.7 0.7999993197865313 -0.0010432358733001115 0
3.716666666666667 0.7999993197865313 -0.0010432358733001115 0
3.7333333333333334 0.7999765348235681 -0.006127293992999942 0
3.75 0.7999957025858158 0.0026221831032576704 0
3.7666666666666666 0.7999814248012692 0.005451602785543318 0
3.783333333333333 0.7999898644818165 -0.004026999672810962 0
3.8 0.7999878233104782 -0.00441390472973925 0
3.816666666666667 0.7999878233104782 -0.00441390472973925 0
3.8333333333333335 0.7999833304263179 0.005164401225388213 0
3.85 0.7999940590333867 0.003083100920545376 0
3.8666666666666667 0.7999778071462387 -0.005958865118075529 0
3.8833333333333333 0.7999985031609183 -0.0015475594625959873 0
3.9 0.799974737339141 0.006357642579783028 0
3.9166666666666665 0.799974737339141 0.006357642579783028 0
3.933333333333333 0.7999999948526256 -9.075130331357007e-05 0
3.95 0.7999749228440478 -0.006334257703934117 0
3.966666666666667 0.79999814446579 0.0017230354880474847 0
3.9833333333333334 0.79997831520683 0.00589026305369922 0
4.0 0.7999934353372873 -0.003240897598737803 0
4.016666666666667 0.7999934353372873 -0.003240897598737803 0
4.033333333333333 0.7999840283360014 -0.005055136724551955 0
4.05 0.7999870975271767 0.004543543775912143 0
4.066666666666666 0.7999905699438122 0.003884327609069565 0
4.083333333333333 0.7999807865090631 -0.005544476200768956 0
4.1 0.799996231329275 -0.002455577112865054 0
4.116666666666666 0.799996231329275 -0.002455577112865054 0
4.133333333333334 0.7999761507464259 0.006177235379341551 0
4.15 0.7999995336996268 0.0008637594455408923 0
4.166666666666667 0.7999744011116687 -0.006399809843034367 0
4.183333333333334 0.7999996144486407 0.0007854183765966708 0
4.2 0.7999759946119535 0.006197422417100696 0
4.216666666666667 0.7999759946119535 0.006197422417100696 0
4.233333333333333 0.7999964524839711 -0.0023824384695935313 0
4.25 0.7999805150227082 -0.005583510007393368 0
4.266666666666667 0.7999908737368713 0.0038212481884002726 0
4.283333333333333 0.7999867816020079 0.004598832684656213 0
4.3 0.7999843354148326 -0.005006305113433863 0
4.316666666666666 0.7999843354148326 -0.005006305113433863 0
4.333333333333333 0.7999931574945199 -0.0033087704586807127 0
4.35 0.7999785453611776 0.0058589215572792935 0
4.366666666666666 0.7999979772798543 0.0017989853089291988 0
4.383333333333334 0.7999750159570427 -0.006322487210702403 0
4.4 0.7999999819938685 -0.0001697345285553955 0
4.416666666666667 0.7999999819938685 -0.0001697345285553955 0
4.433333333333334 0.799974669089541 0.0063662245545891 0
4.45 0.7999986479881606 -0.0014707879232499393 0
4.466666666666667 0.7999775953609275 -0.0059872297891568884 0
4.483333333333333 0.7999943237165348 0.003013639216012271 0
4.5 0.7999830304240824 0.0052106653607640815 0
4.516666666666667 0.7999830304240824 0.0052106653607640815 0
4.533333333333333 0.7999881387124136 -0.004356365394247291 0
4.55 0.7999895546243869 -0.004088091470990394 0
4.566666666666666 0.79998170853735 0.005409806434855485 0
4.583333333333333 0.7999954638097396 0.0026940459980435744 0
4.6 0.7999767127809821 -0.006104015738358885 0
4.616666666666666 0.7999767127809821 -0.006104015738358885 0
4.633333333333334 0.799999214461915 -0.0011210978187061978 0
4.65 0.7999744563480513 0.0063929015822085855 0
4.666666666666667 0.7999998268804034 -0.0005262996528706834 0
4.683333333333334 0.7999755286223522 -0.006257284186306895 0
4.7 0.7999971410961729 0.0021387468176579214 0
4.716666666666667 0.7999971410961729 0.0021387468176579214 0
4.733333333333333 0.7999796495243572 0.005706167442929268 0
4.75 0.7999918586585788 -0.0036091661076270197 0
4.766666666666667 0.7999857426655842 -0.004776141936098548 0
4.783333333333333 0.7999853593783292 0.004839915322155868 0
4.8 0.7999922164951419 0.0035289583718465245 0
4.816666666666666 0.7999922164951419 0.0035289583718465245 0
4.833333333333333 0.7999793409027764 -0.005749272019957503 0
4.85 0.7999973800128215 -0.002047430736662239 0
4.866666666666666 0.799975375279243 0.006276858038416919 0
4.883333333333334 0.7999998844701932 0.0004299391556143226 0
4.9 0.7999744983368664 -0.006387645159135838 0
4.916666666666667 0.7999744983368664 -0.006387645159135838 0
4.933333333333334 0.7999990756818867 0.001216103666252289 0
4.95 0.7999769391341914 0.006074278022135314 0
4.966666666666667 0.7999951649104274 -0.0027813881315206647 0
4.983333333333333 0.7999820601310591 -0.005357561802406853 0
5.0 0.7999891736805141 0.004161969962431829 0
5.016666666666667 0.7999891736805141 0.004161969962431829 0
5.033333333333333 0.7999885237091382 0.00428508269159885 0
5.05 0.7999826669403465 -0.005266174608824489 0
5.066666666666666 0.7999946415530679 -0.0029280516352029997 0
5.083333333333333 0.7999773442806335 0.006020684155882308 0
5.1 0.7999988156433147 0.001376578836763434 0
5.116666666666666 0.7999988156433147 0.001376578836763434 0
5.133333333333334 0.7999745959953934 -0.006375402889785492 0
5.15 0.7999999556746995 0.000266308991544931 0
5.166666666666667 0.799975139941326 0.006306780149645898 0
5.183333333333334 0.7999977638611614 -0.0018915118666079 0
5.2 0.7999788340390228 -0.0058193719219262665 0
5.216666666666667 0.7999788340390228 -0.0058193719219262665 0
5.233333333333333 0.7999928127230157 0.003391104763633034 0
5.25 0.7999847133828697 0.0049455387702377505 0
5.266666666666667 0.7999863955343343 -0.0046655074733353815 0
5.283333333333333 0.7999912422682534 -0.0037432998940434854 0
5.3 0.799980188501609 0.005630098127937449 0
5.316666666666666 0.799980188501609 0.005630098127937449 0
5.333333333333333 0.7999967153160277 0.002292484147525313 0
5.35 0.7999758129257121 -0.006220830639564147 0
5.366666666666666 0.799999702927584 -0.0006894314884789027 0
5.383333333333334 0.7999744117170318 0.006398484038356047 0
5.4 0.7999994247139843 -0.000959404656148142 0
5.416666666666667 0.7999994247139843 -0.000959404656148142 0
5.433333333333334 0.7999763508732595 -0.006151263569678754 0
5.45 0.7999959533470423 0.0025445291031688374 0
5.466666666666667 0.7999811238838871 0.005495582723689063 0
5.483333333333333 0.7999901955760808 -0.003960679505355594 0
5.5 0.7999874840266217 -0.004474974944714093 0
5.516666666666667 0.7999874840266217 -0.004474974944714093 0
5.533333333333333 0.7999836553698567 0.005113818639962913 0
5.55 0.7999937700057479 0.003157206358569971 0
5.566666666666666 0.7999780410625279 -0.005927378658437933 0
5.583333333333333 0.7999983398855457 -0.0016297792399653942 0
5.6 0.7999748191287187 0.006347342749054067 0
5.616666666666666 0.7999748191287187 0.006347342749054067 0
5.633333333333334 0.7999999999784122 -5.877127339275578e-06 0
5.65 0.7999748311433683 -0.0063458283257124245 0
5.666666666666667 0.799998316653835 0.0016411432083971165 0
5.683333333333334 0.7999780739682345 0.005922935933646077 0
5.7 0.799993729610643 -0.0031674253982493464 0
5.716666666666667 0.799993729610643 -0.0031674253982493464 0
5.733333333333333 0.7999837005715741 -0.005106742583111582 0
5.75 0.7999874370196056 0.004483370473499828 0
5.766666666666667 0.799990241266941 0.003951439947872525 0
5.783333333333333 0.799981082543432 -0.005501597280663368 0
5.8 0.7999959875923223 -0.002533739565344542 0
5.816666666666666 0.7999959875923223 -0.002533739565344542 0
5.833333333333333 0.7999763259976247 0.006154497813970517 0
5.85 0.7999994385685554 0.0009477816184437185 0
5.866666666666666 0.7999744098037773 -0.006398723239700022 0
5.883333333333334 0.7999996927725124 0.0007011161715518424 0
5.9 0.7999758344745824 0.006218058917024373 0
5.916666666666667 0.7999758344745824 0.006218058917024373 0
5.933333333333334 0.7999966838039065 -0.0023034545257890923 0
5.95 0.799980227884004 -0.005624499502802728 0
5.966666666666667 0.7999911976302965 0.003752827473257809 0
5.983333333333333 0.7999864424634568 0.004657453667217132 0
6.0 0.7999846672787887 -0.004952990899018563 0
6.016666666666667 0.7999846672787887 -0.004952990899018563 0
6.033333333333333 0.7999928549407544 -0.0033811305418573363 0
6.05 0.7999787985114007 0.005824253793903025 0
6.066666666666666 0.79999779033996 0.001880279548731107 0
6.083333333333333 0.7999751242700672 -0.006308767636437918 0
6.1 0.7999999594980794 -0.00025456447369830214 0
6.116666666666666 0.7999999594980794 -0.00025456447369830214 0
6.133333333333334 0.799974604273853 0.006374364038258819 0
6.15 0.7999987958125755 -0.0013880556290007437 0
6.166666666666667 0.7999773743464673 -0.006016687937071993 0
6.183333333333334 0.7999946032481667 0.002938498563620641 0
6.2 0.7999827109402962 0.005259486345129894 0
6.216666666666667 0.7999827109402962 0.005259486345129894 0
6.233333333333333 0.799988476935592 -0.004293806035642763 0
6.25 0.799989220121631 -0.004153033732666186 0
6.266666666666667 0.7999820171063714 0.005363982328585126 0
6.283333333333333 0.799995201662031 0.0027707973088019144 0
6.3 0.7999769110965603 -0.006077969431165426 0
6.316666666666666 0.7999769110965603 -0.006077969431165426 0
6.333333333333333 0.7999990931441863 -0.0012045615300794133 0
6.35 0.7999744926097758 0.006388362366976239 0
6.366666666666666 0.7999998780818867 -0.0004416661257119331 0
6.383333333333334 0.7999753933586162 -0.006274553428525111 0
6.4 0.7999973514425905 0.0020585637809747994 0
6.416666666666667 0.7999973514425905 0.0020585637809747994 0
6.433333333333334 0.799979378066254 0.005744098600257038 0
6.45 0.7999921732057609 -0.0035387581895195 0
6.466666666666667 0.799985405918711 -0.0048322165799032386 0
6.483333333333333 0.7999856959645214 0.00478395779250747 0
6.5 0.7999919024193091 0.0035994532271966155 0
6.516666666666667 0.7999919024193091 0.0035994532271966155 0
6.533333333333333 0.7999796116101437 -0.005711480375842719 0
6.55 0.7999971706466679 -0.002127664758876766 0
6.566666666666666 0.7999755093982855 0.006259741444631742 0
6.583333333333333 0.799999834501838 0.0005145843293802513 0
6.6 0.7999744608354872 -0.006392340023160087 0
6.616666666666666 0.7999744608354872 -0.006392340023160087 0
6.633333333333334 0.7999991981635033 0.0011326684209932633 0
6.65 0.7999767398077968 0.006100472644701411 0
6.666666666666667 0.7999954278487671 -0.002704703508355972 0
6.683333333333334 0.7999817510440881 -0.005403517043070368 0
6.7 0.7999895083941284 0.004097128179698686 0
6.716666666666667 0.7999895083941284 0.004097128179698686 0
6.733333333333333 0.7999881855961712 0.004347747295550199 0
6.75 0.7999829860001455 -0.005217481220955609 0
6.766666666666667 0.7999943627310255 -0.0030032646537225234 0
6.783333333333333 0.7999775643470123 0.005991372248654863 0
6.8 0.7999986689425208 0.0014593458106738387 0
6.816666666666666 0.7999986689425208 0.0014593458106738387 0
6.833333333333333 0.7999746595865487 -0.006367418581006552 0
6.85 0.7999999794146424 0.00018148435724013487 0
6.866666666666666 0.7999750304471669 0.006320653530643608 0
6.883333333333334 0.7999979518407585 -0.0018102625752917678 0
6.9 0.799978580059578 -0.005854181912222393 0
6.916666666666667 0.799978580059578 -0.005854181912222393 0
6.933333333333334 0.7999931158404556 0.0033188262803947183 0
6.95 0.799984381258202 0.004998974187946666 0
6.966666666666667 0.7999867346132994 -0.004606999321751309 0
6.983333333333333 0.7999909187507305 -0.0038118127396616825 0
7.0 0.7999804749730358 0.005589245200921849 0
7.016666666666667 0.7999804749730358 0.005589245200921849 0
7.033333333333333 0.7999964849104244 0.0023715250294011063 0
7.05 0.7999759719624127 -0.006200345376932292 0
7.066666666666666 0.7999996258176463 -0.0007737516565945131 0
7.083333333333333 0.7999744017783575 0.006399726506580239 0
7.1 0.7999995210415012 -0.0008754046886288235 0
7.116666666666666 0.7999995210415012 -0.0008754046886288235 0
7.133333333333334 0.7999761745552043 -0.0061741512794334695 0
7.15 0.7999961979504305 0.002466427549224219 0
7.166666666666667 0.7999808272410371 0.005538596098835978 0
7.183333333333334 0.7999905245630604 -0.003893662712591953 0
7.2 0.7999871445430278 -0.0045352580844857425 0
7.216666666666667 0.7999871445430278 -0.0045352580844857425 0
7.233333333333333 0.7999839828070676 0.005062336628610964 0
7.25 0.7999934763562404 0.0032307564837877195 0
7.266666666666667 0.7999782814220571 -0.005894849702251693 0
7.283333333333333 0.799998168773412 -0.0017117123553420256 0
7.3 0.7999749096280981 0.006335926571245993 0
7.316666666666666 0.7999749096280981 0.006335926571245993 0
7.333333333333333 0.7999999960995644 7.899808236947236e-05 0
7.35 0.7999747481440389 -0.006356282866718056 0
7.366666666666666 0.7999984810214624 0.0015589622679670608 0
7.383333333333334 0.7999778391497303 0.005954567098308373 0
7.4 0.7999940192905477 -0.0030933960876289197 0
7.416666666666667 0.7999940192905477 -0.0030933960876289197 0
7.433333333333334 0.7999833752690203 -0.0051574502601569455 0
7.45 0.799987776345366 0.004422408619371094 0
7.466666666666667 0.7999899104506422 0.004017857286363876 0
7.483333333333333 0.7999813828814153 -0.005457750739852179 0
7.5 0.7999957376734398 -0.002611456361674742 0
7.516666666666667 0.7999957376734398 -0.002611456361674742 0
7.533333333333333 0.7999765088985764 0.006130677812935148 0
7.55 0.7999993348278012 0.0010316370853558677 0
7.566666666666666 0.7999744274936386 -0.006396511254211962 0
7.583333333333333 0.7999997623078687 0.0006166906465743988 0
7.6 0.7999756823327402 0.006237601804128433 0
7.616666666666666 0.7999756823327402 0.006237601804128433 0
7.633333333333334 0.79999690845213 -0.0022240654294303757 0
7.65 0.7999799456501522 -0.005664499764286714 0
7.666666666666667 0.7999915187115008 0.0036837466887206793 0
7.683333333333334 0.7999861038578957 0.004715255482383717 0
7.7 0.7999850009245537 -0.004898805542357924 0
7.716666666666667 0.7999850009245537 -0.004898805542357924 0
7.733333333333333 0.7999925484088626 -0.0034528959285996096 0
7.75 0.7999790575720133 0.005788561668804968 0
7.766666666666667 0.7999975959499088 0.001961243066626896 0
7.783333333333333 0.7999752410782337 -0.006293938498413392 0
7.8 0.7999999280261341 -0.0003393496432350685 0
7.816666666666666 0.7999999280261341 -0.0003393496432350685 0
7.833333333333333 0.7999745483191126 0.006381382423248254 0
7.85 0.7999989354794855 -0.001305079189171419 0
7.866666666666666 0.7999771602442685 -0.006045087883236548 0
7.883333333333334 0.7999948775717486 0.002862841064931374 0
7.9 0.7999823946145739 0.0053073822862312915 0
7.916666666666667 0.7999823946145739 0.0053073822862312915 0
7.933333333333334 0.7999888142605327 -0.004230491463995799 0
7.95 0.7999888841978136 -0.0042172455391276415 0
7.966666666666667 0.7999823293215579 0.0053172148023831415 0
7.983333333333333 0.799994933885291 0.0028470612689103308 0
8.0 0.7999771166502865 -0.006050854145818567 0
8.016666666666667 0.7999771166502865 -0.006050854145818567 0
8.033333333333333 0.7999989634597803 -0.0012878133705028338 0
8.05 0.7999745378110009 0.006382699591509416 0
8.066666666666666 0.7999999203644896 -0.00035695491346718155 0
8.083333333333334 0.7999752664007242 -0.00629071912346767 0
8.1 0.7999975546476144 0.001978018664545916 0
8.116666666666667 0.7999975546476144 0.001978018664545916 0
8.133333333333333 0.7999791121108344 0.005781019491496597 0
8.15 0.7999924842544124 -0.003467727851759489 0
8.166666666666666 0.7999850704340237 -0.0048874413214061874 0
8.183333333333334 0.7999860336088558 0.004727158847619803 0
8.2 0.7999915850354419 0.003669314988030222 0
8.216666666666667 0.7999915850354419 0.003669314988030222 0
8.233333333333333 0.7999798876559008 -0.005672684201716873 0
8.25 0.79999695426631 -0.002207524547434852 0
8.266666666666667 0.799975651741541 0.00624152390822685 0
8.283333333333333 0.7999997756452609 0.0005991389924192386 0
8.3 0.799974432295961 -0.006395910627494283 0
8.316666666666666 0.799974432295961 -0.006395910627494283 0
8.333333333333334 0.7999993122045617 0.0010490339500301169 0
8.35 0.7999765478400481 0.006125594331917396 0
8.366666666666667 0.7999956849989542 -0.0026275431593047044 0
8.383333333333333 0.7999814457904524 -0.0054485219112593705 0
8.4 0.7999898414838841 0.004031565773991916 0
8.416666666666666 0.7999898414838841 0.004031565773991916 0
8.433333333333334 0.7999878467899206 0.004409647199781757 0
8.45 0.7999833080245081 -0.005167870176880678 0
8.466666666666667 0.7999940788701356 -0.003077949434797238 0
8.483333333333333 0.7999777911919908 0.00596100659147677 0
8.5 0.7999985141734749 0.0015418560998581672 0
8.516666666666667 0.7999985141734749 0.0015418560998581672 0
8.533333333333333 0.7999747319997401 -0.006358314394881161 0
8.55 0.7999999941644176 9.662780146365127e-05 0
8.566666666666666 0.7999749295141521 0.006333415257779841 0
8.583333333333334 0.7999981322565833 -0.0017286948771663123 0
8.6 0.7999783321441993 -0.005887962277830234 0
8.616666666666667 0.7999783321441993 -0.005887962277830234 0
8.633333333333333 0.7999934147962279 0.0032459640587147822 0
8.65 0.7999840511165546 0.005051530376612781 0
8.666666666666666 0.7999870740197305 -0.004547680876050687 0
8.683333333333334 0.799990592617176 -0.0038796551418323515 0
8.7 0.7999807661754922 0.005547409239678832 0
8.716666666666667 0.7999807661754922 0.005547409239678832 0
8.733333333333333 0.7999962479730302 0.002450148786139866 0
8.75 0.7999761388979222 -0.006178769616383321 0
8.766666666666667 0.7999995399662959 -0.0008579357288900608 0
8.783333333333333 0.7999744008430819 0.006399843416230196 0
8.8 0.7999996087013154 -0.0007912507455067582 0
8.816666666666666 0.7999996087013154 -0.0007912507455067582 0
8.833333333333334 0.7999760059934385 -0.006195953097476059 0
8.85 0.7999964362239029 0.0023878921782489477 0
8.866666666666667 0.7999805350814022 0.0055806353467559265 0
8.883333333333333 0.7999908512113163 -0.0038259610810386447 0
8.9 0.7999868050985192 -0.004594743547134351 0
8.916666666666666 0.7999868050985192 -0.004594743547134351 0
8.933333333333334 0.7999843125076035 0.005009964245092835 0
8.95 0.7999931782914448 0.0033037383602148663 0
8.966666666666667 0.799978528055738 -0.005861283969819389 0
8.983333333333333 0.7999979899448943 -0.0017933443976748604 0
9.0 0.7999750087736155 0.006323396053857656 0
9.016666666666667 0.7999750087736155 0.006323396053857656 0
9.033333333333333 0.7999999832188112 0.0001638593970225014 0
9.05 0.7999746739044474 -0.006365619488554363 0
9.066666666666666 0.79999863745304 0.001476507121416915 0
9.083333333333334 0.7999776109165078 0.005985150985273243 0
9.1 0.7999943041732132 -0.0030188226871722 0
9.116666666666667 0.7999943041732132 -0.0030188226871722 0
9.133333333333333 0.7999830526571853 -0.0052072508381290974 0
9.15 0.7999881152657462 0.004360668934841781 0
9.166666666666666 0.799989577727642 0.004083567943487967 0
9.183333333333334 0.7999816873117304 -0.005412944289102705 0
9.2 0.7999954817484445 -0.002688713832732234 0
9.216666666666667 0.7999954817484445 -0.002688713832732234 0
9.233333333333333 0.799976699320614 0.006105779564972738 0
9.25 0.7999992225503454 0.0011153110969416766 0
9.266666666666667 0.7999744541688082 -0.006393174275539109 0
9.283333333333333 0.7999998230057921 0.0005321566513188289 0
9.3 0.799975538293455 0.006256047641827108 0
9.316666666666666 0.799975538293455 0.006256047641827108 0
9.333333333333334 0.7999971262706022 -0.0021442851439022535 0
9.35 0.7999796685196991 -0.005703503757558164 0
9.366666666666667 0.7999918367546061 0.003614017984430129 0
9.383333333333333 0.7999857660235291 0.0047722279647288875 0
9.4 0.7999853361174124 -0.004843758572726018 0
9.416666666666666 0.7999853361174124 -0.004843758572726018 0
9.433333333333334 0.7999922381144874 -0.003524053996938814 0
9.45 0.799979322360771 0.005751851458587796 0
9.466666666666667 0.7999973942464537 0.0020418616221875604 0
9.483333333333333 0.7999753662993703 -0.0062780024042943874 0
9.5 0.7999998876001728 -0.0004240751242216026 0
9.516666666666667 0.7999998876001728 -0.0004240751242216026 0
9.533333333333333 0.7999745012646827 0.006387278475400041 0
9.55 0.7999990668906353 -0.001221873198409546 0
9.566666666666666 0.7999769532049474 -0.006072424633489852 0
9.583333333333334 0.7999951464942952 0.0027866800267221836 0
9.6 0.7999820816694457 0.005354344761070522 0
9.616666666666667 0.7999820816694457 0.005354344761070522 0
9.633333333333333 0.7999891504499309 -0.0041664328145091375 0
9.65 0.7999885470892536 -0.004280715597328995 0
9.666666666666666 0.7999826449632709 0.005269512080772204 0
9.683333333333334 0.7999946606678994 0.002922824464881674 0
9.7 0.799977329297558 -0.006022674650558188 0
9.716666666666667 0.799977329297558 -0.006022674650558188 0
9.733333333333333 0.7999988254999298 -0.0013708386968644007 0
9.75 0.7999745919199288 0.006375914251585843 0
9.766666666666667 0.7999999536984668 -0.00027218091606474106 0
9.783333333333333 0.7999751478379885 -0.006305778428434748 0
9.8 0.7999977505682904 0.0018971256351755846 0
9.816666666666666 0.7999977505682904 0.0018971256351755846 0
9.833333333333334 0.799978851845193 0.005816923623940942 0
9.85 0.7999927915857127 -0.0033960875869894 0
9.866666666666667 0.799984736447531 -0.004941806448503783 0
9.883333333333333 0.7999863720738043 0.004669528476507445 0
9.9 0.7999912645668175 0.0037385313673032614 0
9.916666666666666 0.7999912645668175 0.0037385313673032614 0
9.933333333333334 0.7999801688458544 -0.005632890320098436 0
9.95 0.7999967310239707 -0.0022869960561270083 0
9.966666666666667 0.7999758022088737 0.006222208632721331 0
9.983333333333333 0.7999997079418679 0.0006835882723510976 0
10.0 0.799974412738365 -0.006398356344261547 0
10.016666666666667 0.799974412738365 -0.006398356344261547 0
10.033333333333333 0.7999994177248342 0.0009652149638089159 0
10.05 0.799976363365991 0.006149638666135213 0
10.066666666666666 0.7999959361800848 -0.0025499206555780213 0
10.083333333333334 0.799981144584893 -0.005492568492476402 0
10.1 0.7999901727154559 0.003965294275961403 0
10.116666666666667 0.7999901727154559 0.003965294275961403 0
10.133333333333333 0.7999875075287328 0.004470771517958406 0
10.15 0.799983632786895 -0.005117350201267932 0
10.166666666666666 0.7999937901700928 -0.0031520928428022915 0
10.183333333333334 0.7999780246559882 0.005929592524203543 0
10.2 0.7999983514450566 0.001624095191699407 0
10.216666666666667 0.7999983514450566 0.001624095191699407 0
10.233333333333333 0.7999748131840267 -0.006348091932349108 0
10.25 0.7999999999136486 1.1754249722186636e-05 0
10.266666666666667 0.7999748372132856 0.006345063086942664 0
10.283333333333333 0.7999983049817136 -0.0016468231189794237 0
10.3 0.7999780904672904 -0.005920707078365697 0
10.316666666666666 0.7999780904672904 -0.005920707078365697 0
10.333333333333334 0.7999937093800192 0.003172530913543545 0
10.35 0.7999837231901773 0.005103198093531752 0
10.366666666666667 0.7999874135148591 -0.004487562568450553 0
10.383333333333333 0.7999902640970222 -0.003946815168786509 0
10.4 0.7999810619041223 0.005504597601353706 0
10.416666666666666 0.7999810619041223 0.005504597601353706 0
10.433333333333334 0.7999960046705291 0.0025283415890282176 0
10.45 0.7999763136148053 -0.006156107151991845 0
10.466666666666667 0.7999994454339295 -0.0009419688982020834 0
10.483333333333333 0.7999744089118626 0.006398834746747822 0
10.5 0.7999996876317587 -0.0007069576286429495 0
10.516666666666667 0.7999996876317587 -0.0007069576286429495 0
10.533333333333333 0.7999758453065415 -0.006216665189978701 0
10.55 0.7999966679998348 0.002308936803403211 0
10.566666666666666 0.7999802476105118 0.005621693074549556 0
10.583333333333334 0.7999911752910541 -0.0037575865176977096 0
10.6 0.7999864659318912 -0.004653420871062051 0
10.616666666666667 0.7999864659318912 -0.004653420871062051 0
10.633333333333333 0.7999846442395246 0.0049567106997817564 0
10.65 0.7999928760210477 0.0033761391518489746 0
10.666666666666666 0.7999787807900688 -0.005826687363778294 0
10.683333333333334 0.7999978035257983 -0.0018746610088943524 0
10.7 0.7999751164955238 0.006309753400343093 0
10.716666666666667 0.7999751164955238 0.006309753400343093 0
10.733333333333333 0.7999999613452139 0.0002486918902759969 0
10.75 0.79997460847682 -0.0063738365494083685 0
10.766666666666667 0.7999987858385184 0.0013937922716603986 0
10.783333333333333 0.7999773894291243 0.006014682216306929 0
10.8 0.7999945840582261 -0.0029437183129072102 0
10.816666666666666 0.7999945840582261 -0.0029437183129072102 0
10.833333333333334 0.7999827329630217 -0.005256135559022459 0
10.85 0.7999884535423193 0.0042981622780609964 0
10.866666666666667 0.7999892433320079 0.0041485603625132355 0
10.883333333333333 0.7999819956202154 -0.00536718580801341 0
10.9 0.7999952199973783 -0.002765498390215823 0
10.916666666666666 0.7999952199973783 -0.002765498390215823 0
10.933333333333334 0.7999768971297796 0.006079807448437716 0
10.95 0.7999991018151755 0.001198788935797548 0
10.966666666666667 0.7999744898105208 -0.006388712890476151 0
10.983333333333333 0.7999998748235811 0.00044752905452711633 0
11.0 0.7999754024580557 0.006273393186453841 0
11.016666666666667 0.7999754024580557 0.006273393186453841 0
11.033333333333333 0.7999973371060882 -0.002064127701424086 0
11.05 0.7999793966876009 -0.005741504623548872 0
11.066666666666666 0.7999921515358717 0.003543653624020919 0
11.083333333333334 0.7999854291980193 0.0048283610947124 0
11.1 0.799985672621561 -0.004787859670956318 0
11.116666666666667 0.799985672621561 -0.004787859670956318 0
11.133333333333333 0.7999919242759188 -0.0035945922317598307 0
11.15 0.7999795926914001 0.0057141296189054175 0
11.166666666666666 0.7999971853714923 0.002122121035685521 0
11.183333333333334 0.7999754998453866 -0.006260962156405026 0
11.2 0.7999998382486352 -0.0005087260142178453 0
11.216666666666667 0.7999998382486352 -0.0005087260142178453 0
11.233333333333333 0.7999744631436648 0.006392051157915571 0
11.25 0.799999189953577 -0.0011384522917580356 0
11.266666666666667 0.7999767533741521 -0.006098693380645095 0
11.283333333333333 0.7999954098266207 0.0027100288443696278 0
11.3 0.7999817723250633 0.005400365510835542 0
11.316666666666666 0.7999817723250633 0.005400365510835542 0
11.333333333333334 0.799989485267281 -0.0041016413532844135 0
11.35 0.7999882090331033 -0.004343432744714647 0
11.366666666666667 0.7999829638094615 0.005220882552765103 0
11.383333333333333 0.7999943822020632 0.002998073571341402 0
11.4 0.7999775488887818 -0.005993435900776512 0
11.416666666666666 0.7999775488887818 -0.005993435900776512 0
11.433333333333334 0.7999986793616896 -0.0014536229059140748 0
11.45 0.7999746548984947 0.00636800754038256 0
11.466666666666667 0.7999999780603675 -0.0001873590444829855 0
11.483333333333333 0.7999750377538152 -0.006319728695286075 0
11.5 0.7999979390667886 0.0018158989208897213 0
11.516666666666667 0.7999979390667886 0.0018158989208897213 0
11.533333333333333 0.7999785974524217 0.00585180468370182 0
11.55 0.7999930949834565 -0.0033238499951630733 0
11.566666666666666 0.7999844041941878 -0.004995302400299872 0
11.583333333333334 0.7999867111212606 0.004611076814438276 0
11.6 0.7999909412388828 0.0038070901915179464 0
11.616666666666667 0.7999909412388828 0.0038070901915179464 0
11.633333333333333 0.7999804549821927 -0.005592105728977167 0
11.65 0.7999965010767002 -0.0023660653070674167 0
11.666666666666666 0.7999759606944334 0.0062017990146748195 0
11.683333333333334 0.7999996314392881 0.0007679173153420361 0
11.7 0.7999744021764572 -0.006399676743392197 0
11.716666666666667 0.7999744021764572 -0.006399676743392197 0
11.733333333333333 0.7999995146500873 0.0008812262052451735 0
11.75 0.7999761865153988 0.006172601419167267 0
11.766666666666667 0.7999961812154539 -0.00247184964970803 0
11.783333333333333 0.7999808476393029 -0.005535649040771165 0
11.8 0.7999905018558255 0.0038983253410058666 0
11.816666666666666 0.7999905018558255 0.0038983253410058666 0
11.833333333333334 0.799987168051274 0.004531109500184569 0
11.85 0.7999839600588409 -0.005065930178660315 0
11.866666666666667 0.7999934968339956 -0.003225681837366374 0
11.883333333333333 0.7999782645747674 0.0058971355710678176 0
11.9 0.7999981808717453 0.0017060486213040184 0
11.916666666666666 0.7999981808717453 0.0017060486213040184 0
11.933333333333334 0.7999749030822975 -0.006336752990996487 0
11.95 0.7999999966582908 -7.312136948658513e-05 0
11.966666666666667 0.799974753609499 0.006355594969897617 0
11.983333333333333 0.7999984698946377 -0.0015646617009837651 0
12.0 0.7999778551988661 -0.0059524105555661755 0
12.016666666666667 0.7999778551988661 -0.0059524105555661755 0
12.033333333333333 0.7999939993845917 0.0030985397602822894 0
12.05 0.7999833977097616 0.005153968252278705 0
12.066666666666666 0.7999877528598547 -0.004426654971874727 0
12.083333333333334 0.7999899334213803 -0.004013281008807306 0
12.1 0.7999813619508862 0.005460817814693486 0
12.116666666666667 0.7999813619508862 0.005460817814693486 0
12.133333333333333 0.799995755174084 0.0026060896851849875 0
12.15 0.7999764959901522 -0.006132361968935007 0
12.166666666666666 0.7999993422870506 -0.0010258363839231828 0
12.183333333333334 0.7999744259790235 0.006396700675503655 0
12.2 0.7999997577773033 -0.0006225401643900575 0
12.216666666666667 0.7999997577773033 -0.0006225401643900575 0
12.233333333333333 0.7999756926075534 -0.00623628391474662 0
12.25 0.7999968931151729 0.002229575311752027 0
12.266666666666667 0.7999799650305963 0.005661762061945885 0
12.283333333333333 0.7999914965742865 -0.003688551047962257 0
12.3 0.7999861272817431 -0.004711279736831848 0
12.316666666666666 0.7999861272817431 -0.004711279736831848 0
12.333333333333334 0.7999849777694623 0.00490258535804606 0
12.35 0.7999925697576945 0.0034479461249266223 0
12.366666666666667 0.7999790394472556 -0.00579106596806303 0
12.383333333333333 0.7999976096472691 -0.001955647886437166 0
12.4 0.7999752327180434 0.006295001009724641 0
12.416666666666666 0.7999752327180434 0.006295001009724641 0
12.433333333333334 0.799999930494161 0.0003334806408577989 0
12.45 0.7999745519071835 -0.006380932604339071 0
12.466666666666667 0.7999989260735085 0.0013108322673118596 0
12.483333333333333 0.7999771748433919 0.006043155598298735 0
12.5 0.7999948587486891 -0.00286809617428736 0
12.516666666666667 0.7999948587486891 -0.00286809617428736 0
12.533333333333333 0.7999824164114293 -0.0053040958259228735 0
12.55 0.7999887909371114 0.00423489964210237 0
12.566666666666666 0.7999889074989841 0.00421282311306522 0
12.583333333333334 0.7999823075899806 -0.005320483343630301 0
12.6 0.7999949526043821 -0.0028417965290368813 0
12.616666666666667 0.7999949526043821 -0.0028417965290368813 0
12.633333333333333 0.7999771021869186 0.006052766030533161 0
12.65 0.7999989727072282 0.0012820559190417674 0
12.666666666666666 0.7999745343937033 -0.0063831278835404974 0
12.683333333333334 0.7999999177247823 0.00036282274141361665 0
12.7 0.7999752749220992 0.006289635387830846 0
12.716666666666667 0.7999752749220992 0.006289635387830846 0
12.733333333333333 0.7999975408102664 -0.0019836072005823416 0
12.75 0.7999791303450864 -0.005778495679614465 0
12.766666666666667 0.7999924628338513 0.0034726659829635853 0
12.783333333333333 0.7999850936183184 0.004883645000440865 0
12.8 0.7999860102002733 -0.004731118667740333 0
12.816666666666666 0.7999860102002733 -0.004731118667740333 0
12.833333333333334 0.7999916071139399 -0.003664498227000816 0
12.85 0.7999798683737279 0.0056754027833290374 0
12.866666666666667 0.7999969694719679 0.0022020071905908137 0
12.883333333333333 0.7999756416223359 -0.0062428207512361805 0
12.9 0.7999997800062402 -0.0005932874239102945 0
12.916666666666666 0.7999997800062402 -0.0005932874239102945 0
12.933333333333334 0.7999744339828763 0.0063956996315368865 0
12.95 0.7999993045817364 -0.0010548311420798676 0
12.966666666666667 0.7999765608924592 -0.006123889505334086 0
12.983333333333333 0.799995667383472 0.002632900999494133 0
13.0 0.7999814667990455 0.005445436442351088 0
13.016666666666667 0.7999814667990455 0.005445436442351088 0
13.033333333333333 0.799989818477042 -0.004036128475342591 0
13.05 0.7999878702671817 -0.004405385951181562 0
13.066666666666666 0.7999832856358267 0.005171334770389541 0
13.083333333333334 0.7999940986836818 0.0030727953533701904 0
13.1 0.79997777526948 -0.0059631430381478345 0
13.116666666666667 0.79997777526948 -0.0059631430381478345 0
13.133333333333333 0.7999985251478675 -0.001536151436831342 0
13.15 0.7999747267023949 0.006358980848266357 0
13.166666666666666 0.7999999934330533 -0.000102504218124136 0
13.183333333333334 0.7999749362256461 -0.00633256747090564 0
13.2 0.7999981200105011 0.0017343528084325132 0
13.216666666666667 0.7999981200105011 0.0017343528084325132 0
13.233333333333333 0.799978349111481 0.005885656536817834 0
13.25 0.7999933942342056 -0.003251027781329265 0
13.266666666666667 0.7999840739077297 -0.0050479197687874075 0
13.283333333333333 0.7999870505127096 0.004551814141153039 0
13.3 0.7999906152790965 0.0038749794028634325 0
13.316666666666666 0.7999906152790965 0.0038749794028634325 0
13.333333333333334 0.7999807458636237 -0.005550337600585834 0
13.35 0.7999962645862656 -0.002444718393153741 0
13.366666666666667 0.7999761270867289 0.006180298643090574 0
13.383333333333333 0.7999995461913412 0.0008521112887171402 0
13.4 0.7999744006176679 -0.006399871592699277 0
13.416666666666666 0.7999744006176679 -0.006399871592699277 0
13.433333333333334 0.7999996029121342 0.0007970824471316808 0
13.45 0.7999760174126823 0.006194478553029101 0
13.466666666666667 0.79999641993268 -0.0023933438731441065 0
13.483333333333333 0.799980555162578 -0.005577755980100596 0
13.5 0.7999908286734457 0.0038306707472235643 0
13.516666666666667 0.7999908286734457 0.0038306707472235643 0
13.533333333333333 0.7999868285963629 0.004590650534892322 0
13.55 0.7999842896101146 -0.005013619151913853 0
13.566666666666666 0.7999931990682043 -0.0032987034756672322 0
13.583333333333334 0.7999785107795501 0.005863641439709643 0
13.6 0.7999980025735389 0.0017877019740471232 0
13.616666666666667 0.7999980025735389 0.0017877019740471232 0
13.633333333333333 0.7999750016313106 -0.006324299564740349 0
13.65 0.7999999844006346 -0.00015798412730188234 0
13.666666666666666 0.7999746787616058 0.00636500905464767 0
13.683333333333334 0.7999986268793396 -0.001482225074404399 0
13.7 0.7999776265044333 -0.005983067134301916 0
13.716666666666667 0.7999776265044333 -0.005983067134301916 0
13.733333333333333 0.7999942846059287 0.0030240036125135936 0
13.75 0.799983074904278 0.0052038319243053735 0
13.766666666666667 0.7999880918159918 -0.0043649687980937615 0
13.783333333333333 0.7999896008228772 -0.0040790409723057116 0
13.8 0.799981666104706 0.005416077578724256 0
13.816666666666666 0.799981666104706 0.005416077578724256 0
13.833333333333334 0.7999954996592142 0.002683379399978599 0
13.85 0.799976685895666 -0.006107538242792438 0
13.866666666666667 0.7999992305982225 -0.0011095234346033681 0
13.883333333333333 0.7999744520325582 0.006393441577765705 0
13.9 0.7999998190886018 -0.0005380132009833244 0
13.916666666666666 0.7999998190886018 -0.0005380132009833244 0
13.933333333333334 0.7999755480038943 -0.006254805821857597 0
13.95 0.7999971114115491 0.002149821661821464 0
13.966666666666667 0.7999796875404457 0.005700835262570837 0
13.983333333333333 0.7999918148349933 -0.003618866813501646 0
14.0 0.7999857893863114 -0.004768309968981458 0
14.016666666666667 0.7999857893863114 -0.004768309968981458 0
14.033333333333333 0.799985312862783 0.004847597738603605 0
14.05 0.7999922597168392 0.0035191466501635067 0
14.066666666666666 0.799979303845338 -0.005754426046836778 0
14.083333333333334 0.7999974084456998 -0.0020362907857630302 0
14.1 0.799975357359414 0.006279141476171691 0
14.116666666666667 0.799975357359414 0.006279141476171691 0
14.133333333333333 0.7999998906873557 0.00041821073519289427 0
14.15 0.7999745042353332 -0.006386906405531196 0
14.166666666666666 0.7999990580593556 0.0012276417001259293 0
14.183333333333334 0.799976967310267 0.006070566124173199 0
14.2 0.7999951280513588 -0.002791969571867994 0
14.216666666666667 0.7999951280513588 -0.002791969571867994 0
14.233333333333333 0.7999821032250973 -0.0053511232045179834 0
14.25 0.7999891272127689 0.0041708921530309575 0
14.266666666666667 0.7999885704648255 0.00427634489313644 0
14.283333333333333 0.7999826230015601 -0.005272845109032923 0
14.3 0.7999946797575656 -0.0029175948296949927 0
14.316666666666666 0.7999946797575656 -0.0029175948296949927 0
14.333333333333334 0.7999773143477777 0.00602466006650889 0
14.35 0.7999988353173311 0.0013650974008989273 0
14.366666666666667 0.7999745878869924 -0.0063764202368344755 0
14.383333333333333 0.7999999516792146 0.0002780526110452164 0
14.4 0.7999751557753043 0.00630477138980471 0
14.416666666666666 0.7999751557753043 0.00630477138980471 0
14.433333333333334 0.7999977372398311 -0.0019027378038504806 0
14.45 0.7999788696795227 -0.0058144704207085595 0
14.466666666666667 0.799992770429549 0.003401067546387842 0
14.483333333333333 0.7999847595205024 0.00493806995940302 0
14.5 0.7999863486160672 -0.004673545541899843 0
14.516666666666667 0.7999863486160672 -0.004673545541899843 0
14.533333333333333 0.7999912868516716 -0.003733759687834607 0
14.55 0.799980149213817 0.00563567776218159 0
14.566666666666666 0.7999967466997647 0.002281506036055059 0
14.583333333333334 0.7999757915304813 -0.006223581378919249 0
14.6 0.7999997129139612 -0.0006777444797322122 0
14.616666666666667 0.7999997129139612 -0.0006777444797322122 0
14.633333333333333 0.7999744138028311 0.0063982232546940625 0
14.65 0.7999994106944723 -0.0009710244574754307 0
14.666666666666666 0.7999763758952757 -0.006148008576818553 0
14.683333333333334 0.7999959189836594 0.0025553100575881633 0
14.7 0.7999811653063248 0.005489549629500598 0
14.716666666666667 0.7999811653063248 0.005489549629500598 0
14.733333333333333 0.7999901498448043 -0.0039699057026208765 0
14.75 0.7999875310298069 -0.004466564321018856 0
14.766666666666667 0.7999836102159662 0.005120877447187366 0
14.783333333333333 0.7999938103122086 0.0031469766688322037 0
14.8 0.7999780082803982 -0.005931801389725523 0
14.816666666666666 0.7999780082803982 -0.005931801389725523 0
14.833333333333334 0.7999983629669527 -0.0016184097737905391 0
14.85 0.7999748072811169 0.006348835762549957 0
14.866666666666667 0.7999999998057095 -1.763136219200904e-05 0
14.883333333333333 0.7999748433249039 -0.006344292497632482 0
14.9 0.7999982932721341 0.0016525016407527048 0
14.916666666666666 0.7999982932721341 0.0016525016407527048 0
14.933333333333334 0.799978106997074 0.005918473230333142 0
14.95 0.7999936891274388 -0.00317763375339972 0
14.966666666666667 0.7999837458205086 -0.005099649300499744 0
14.983333333333333 0.799987390009393 0.004491750879058254 0
15.0 0 0 0
15.016666666666667 0 0 0
15.033333333333333 0 0 0
15.05 0 0 0
15.066666666666666 0 0 0
15.083333333333334 0 0 0
15.1 0 0 0
15.116666666666667 0 0 0
15.133333333333333 0 0 0
15.15 0 0 0
15.166666666666666 0 0 0
15.183333333333334 0 0 0
15.2 0 0 0
15.216666666666667 0 0 0
15.233333333333333 0 0 0
15.25 0 0 0
15.266666666666667 0 0 0
15.283333333333333 0 0 0
15.3 0 0 0
15.316666666666666 0 0 0
15.333333333333334 0 0 0
15.35 0 0 0
15.366666666666667 0 0 0
15.383333333333333 0 0 0
15.4 0 0 0
15.416666666666666 0 0 0
15.433333333333334 0 0 0
15.45 0 0 0
15.466666666666667 0 0 0
15.483333333333333 0 0 0
15.5 0 0 0
15.516666666666667 0 0 0
15.533333333333333 0 0 0
15.55 0 0 0
15.566666666666666 0 0 0
15.583333333333334 0 0 0
15.6 0 0 0
15.616666666666667 0 0 0
15.633333333333333 0 0 0
15.65 0 0 0
15.666666666666666 0 0 0
15.683333333333334 0 0 0
15.7 0 0 0
15.716666666666667 0 0 0
15.733333333333333 0 0 0
15.75 0 0 0
15.766666666666667 0 0 0
15.783333333333333 0 0 0
15.8 0 0 0
15.816666666666666 0 0 0
15.833333333333334 0 0 0
15.85 0 0 0
15.866666666666667 0 0 0
15.883333333333333 0 0 0
15.9 0 0 0
15.916666666666666 0 0 0
15.933333333333334 0 0 0
15.95 0 0 0
15.966666666666667 0 0 0
15.983333333333333 0 0 0
16.0 0 0 0
16.016666666666666 0 0 0
16.033333333333335 0 0 0
16.05 0 0 0
16.066666666666666 0 0 0
16.083333333333332 0 0 0
16.1 0 0 0
16.116666666666667 0 0 0
16.133333333333333 0 0 0
16.15 0 0 0
16.166666666666668 0 0 0
16.183333333333334 0 0 0
16.2 0 0 0
16.216666666666665 0 0 0
16.233333333333334 0 0 0
16.25 0 0 0
16.266666666666666 0 0 0
16.283333333333335 0 0 0
16.3 0 0 0
16.316666666666666 0 0 0
16.333333333333332 0 0 0
16.35 0 0 0
16.366666666666667 0 0 0
16.383333333333333 0 0 0
16.4 0 0 0
16.416666666666668 0 0 0
16.433333333333334 0 0 0
16.45 0 0 0
16.466666666666665 0 0 0
16.483333333333334 0 0 0
16.5 0 0 0
16.516666666666666 0 0 0
16.533333333333335 0 0 0
16.55 0 0 0
16.566666666666666 0 0 0
16.583333333333332 0 0 0
16.6 0 0 0
16.616666666666667 0 0 0
16.633333333333333 0 0 0
16.65 0 0 0
16.666666666666668 0 0 0
16.683333333333334 0 0 0
16.7 0 0 0
16.716666666666665 0 0 0
16.733333333333334 0 0 0
16.75 0 0 0
16.766666666666666 0 0 0
16.783333333333335 0 0 0
16.8 0 0 0
16.816666666666666 0 0 0
16.833333333333332 0 0 0
16.85 0 0 0
16.866666666666667 0 0 0
16.883333333333333 0 0 0
16.9 0 0 0
16.916666666666668 0 0 0
16.933333333333334 0 0 0
16.95 0 0 0
16.966666666666665 0 0 0
16.983333333333334 0 0 0
17.0 0.6 0.0 0
17.016666666666666 0.6 0.0 0
17.033333333333335 0.5999988000004 0.0011999992000001599 0
17.05 0.5999952000063999 0.0023999936000051202 0
17.066666666666666 0.5999892000324 0.00359997840003888 0
17.083333333333332 0.5999808001023997 0.00479994880016384 0
17.1 0.5999700002499991 0.005999900000499998 0
17.116666666666667 0.5999700002499991 0.005999900000499998 0
17.133333333333333 0.5999568005183975 0.007199827201244156 0
17.15 0.5999412009603937 0.008399725602689107 0
17.166666666666668 0.599923201638386 0.00959959040524285 0
17.183333333333334 0.5999028026243717 0.010799416809447767 0
17.2 0.5998800039999467 0.011999200015999847 0
17.216666666666665 0.5998800039999467 0.011999200015999847 0
17.233333333333334 0.5998548058563055 0.013198935225767863 0
17.25 0.5998272082942407 0.014398617639812573 0
17.266666666666666 0.5997972114241426 0.015598242459405925 0
17.283333333333335 0.5997648153659985 0.016797804886050233 0
17.3 0.5997300202493925 0.017997300121497396 0
17.316666666666666 0.5997300202493925 0.017997300121497396 0
17.333333333333332 0.5996928262135053 0.019196723367768072 0
17.35 0.5996532334071126 0.02039606982717087 0
17.366666666666667 0.5996112419885861 0.021595334702321552 0
17.383333333333333 0.5995668521258909 0.022794513196162217 0
17.4 0.5995200639965867 0.023993600511980497 0
17.416666666666668 0.5995200639965867 0.023993600511980497 0
17.433333333333334 0.5994708777878259 0.025192591853428713 0
17.45 0.5994192936963533 0.02639148242454311 0
17.466666666666665 0.5993653119285051 0.027590267429762998 0
17.483333333333334 0.5993089327002082 0.028788942073949955 0
17.5 0.5992501562369797 0.029987501562406996 0
17.516666666666666 0.5992501562369797 0.029987501562406996 0
17.533333333333335 0.5991889827739253 0.031185941100897778 0
17.55 0.5991254125557386 0.03238425589566573 0
17.566666666666666 0.5990594458367007 0.03358244115345328 0
17.583333333333332 0.5989910828806779 0.034780492081520994 0
17.6 0.5989203239611225 0.03597840388766676 0
17.616666666666667 0.5989203239611225 0.03597840388766676 0
17.633333333333333 0.5988471693610697 0.03717617178024494 0
17.65 0.5987716193731379 0.03837379096818557 0
17.666666666666668 0.598693674299527 0.03957125666101349 0
17.683333333333334 0.5986133344520173 0.04076856406886754 0
17.7 0.5985306001519677 0.04196570840251966 0
17.716666666666665 0.5985306001519677 0.04196570840251966 0
17.733333333333334 0.5984454717303157 0.04316268487339413 0
17.75 0.5983579495275746 0.04435948869358664 0
17.766666666666666 0.5982680338938333 0.04555611507588354 0
17.783333333333335 0.5981757251887541 0.046752559233780876 0
17.8 0.5980810237815717 0.04794881638150362 0
17.816666666666666 0.5980810237815717 0.04794881638150362 0
17.833333333333332 0.5979839300510915 0.04914488173402475 0
17.85 0.5978844443856884 0.05034075050708449 0
17.866666666666667 0.5977825671833051 0.051536417917209316 0
17.883333333333333 0.5976782988514501 0.052731879181731174 0
17.9 0.5975716398071965 0.05392712951880662 0
17.916666666666668 0.5975716398071965 0.05392712951880662 0
17.933333333333334 0.5974625904771805 0.055122164147435905 0
17.95 0.5973511512975992 0.0563169782874821 0
17.966666666666665 0.5972373227142092 0.05751156715969022 0
17.983333333333334 0.5971211051823245 0.05870592598570639 0
18.0 0.5970024991668155 0.05990004998809689 0
18.016666666666666 0.5970024991668155 0.05990004998809689 0
18.033333333333335 0.5968815051421056 0.061093934390367303 0
18.05 0.5967581235921711 0.06228757441698163 0
18.066666666666666 0.5966323550105379 0.0634809652933813 0
18.083333333333332 0.5965041999002801 0.06467410224600448 0
18.1 0.596373658774018 0.06586698050230488 0
18.116666666666667 0.596373658774018 0.06586698050230488 0
18.133333333333333 0.5962407321539162 0.06705959529077112 0
18.15 0.5961054205716805 0.06825194184094559 0
18.166666666666668 0.5959677245685575 0.06944401538344369 0
18.183333333333334 0.5958276446953308 0.07063581114997287 0
18.2 0.5956851815123198 0.07182732437335161 0
18.216666666666665 0.5956851815123198 0.07182732437335161 0
18.233333333333334 0.5955403355893769 0.07301855028752864 0
18.25 0.5953931075058857 0.07420948412760188 0
18.266666666666666 0.5952434978507584 0.07540012112983754 0
18.283333333333335 0.5950915072224333 0.07659045653168924 0
18.3 0.5949371362288728 0.07778048557181691 0
18.316666666666666 0.5949371362288728 0.07778048557181691 0
18.333333333333332 0.5947803854875606 0.07897020349010601 0
18.35 0.5946212556254995 0.08015960552768644 0
18.366666666666667 0.5944597472792088 0.08134868692695166 0
18.383333333333333 0.5942958610947215 0.08253744293157761 0
18.4 0.5941295977275822 0.0837258687865419 0
18.416666666666668 0.5941295977275822 0.0837258687865419 0
18.433333333333334 0.5939609578428443 0.08491395973814267 0
18.45 0.5937899421150669 0.08610171103401772 0
18.466666666666665 0.5936165512283127 0.08728911792316339 0
18.483333333333334 0.5934407858761452 0.08847617565595378 0
18.5 0.5932626467616253 0.08966287948415953 0
18.516666666666666 0.5932626467616253 0.08966287948415953 0
18.533333333333335 0.5930821345973095 0.09084922466096687 0
18.55 0.592899250105246 0.09203520644099672 0
18.566666666666666 0.5927139940169727 0.09322082008032352 0
18.583333333333332 0.5925263670735136 0.09440606083649429 0
18.6 0.5923363700253761 0.09559092396854758 0
18.616666666666667 0.5923363700253761 0.09559092396854758 0
18.633333333333333 0.5921440036325484 0.09677540473703246 0
18.65 0.5919492686644957 0.09795949840402741 0
18.666666666666668 0.5917521659001576 0.09914320023315938 0
18.683333333333334 0.5915526961279449 0.10032650548962259 0
18.7 0.5913508601457365 0.10150940944019761 0
18.716666666666665 0.5913508601457365 0.10150940944019761 0
18.733333333333334 0.5911466587608758 0.10269190735327022 0
18.75 0.5909400927901683 0.10387399449885033 0
18.766666666666666 0.5907311630598777 0.10505566614859094 0
18.783333333333335 0.5905198704057224 0.10623691757580704 0
18.8 0.5903062156728729 0.10741774405549451 0
18.816666666666666 0.5903062156728729 0.10741774405549451 0
18.833333333333332 0.5900901997159477 0.10859814086434895 0
18.85 0.5898718233990105 0.10977810328078474 0
18.866666666666667 0.5896510875955661 0.11095762658495378 0
18.883333333333333 0.5894279931885575 0.11213670605876441 0
18.9 0.5892025410703622 0.11331533698590034 0
18.916666666666668 0.5892025410703622 0.11331533698590034 0
18.933333333333334 0.5889747321427881 0.1144935146518394 0
18.95 0.5887445673170708 0.11567123434387253 0
18.966666666666665 0.5885120475138692 0.11684849135112249 0
18.983333333333334 0.5882771736632623 0.11802528096456286 0
19.0 0.5880399467047449 0.11920159847703672 0
19.016666666666666 0.5880399467047449 0.11920159847703672 0
19.033333333333335 0.5878003675872249 0.12037743918327563 0
19.05 0.5875584372690182 0.12155279837991831 0
19.066666666666666 0.5873141567178459 0.12272767136552952 0
19.083333333333332 0.5870675269108299 0.12390205344061891 0
19.1 0.5868185488344889 0.12507593990765972 0
19.116666666666667 0.5868185488344889 0.12507593990765972 0
19.133333333333333 0.586567223484735 0.1262493260711077 0
19.15 0.5863135518668693 0.12742220723741973 0
19.166666666666668 0.5860575349955779 0.12859457871507268 0
19.183333333333334 0.5857991738949277 0.12976643581458225 0
19.2 0.5855384695983633 0.1309377738485216 0
19.216666666666665 0.5855384695983633 0.1309377738485216 0
19.233333333333334 0.5852754231487011 0.1321085881315401 0
19.25 0.5850100355981266 0.13327887398038224 0
19.266666666666666 0.5847423080081897 0.13444862671390617 0
19.283333333333335 0.5844722414498006 0.13561784165310248 0
19.3 0.5841998370032249 0.13678651412111303 0
19.316666666666666 0.5841998370032249 0.13678651412111303 0
19.333333333333332 0.5839250957580802 0.13795463944324948 0
19.35 0.5836480188133308 0.13912221294701207 0
19.366666666666667 0.5833686072772846 0.1402892299621084 0
19.383333333333333 0.583086862267587 0.1414556858204719 0
19.4 0.5828027849112177 0.14262157585628074 0
19.416666666666668 0.5828027849112177 0.14262157585628074 0
19.433333333333334 0.5825163763444859 0.1437868954059763 0
19.45 0.5822276377130255 0.144951639808282 0
19.466666666666665 0.5819365701717905 0.1461158044042217 0
19.483333333333334 0.5816431748850507 0.14727938453713862 0
19.5 0.5813474530263868 0.14844237555271375 0
19.516666666666666 0.5813474530263868 0.14844237555271375 0
19.533333333333335 0.581049405778686 0.1496047727989846 0
19.55 0.5807490343341369 0.15076657162636373 0
19.566666666666666 0.5804463398942248 0.15192776738765737 0
19.583333333333332 0.5801413236697268 0.15308835543808405 0
19.6 0.5798339868807079 0.15424833113529307 0
19.616666666666667 0.5798339868807079 0.15424833113529307 0
19.633333333333333 0.5795243307565145 0.1554076898393832 0
19.65 0.5792123565357707 0.15656642691292122 0
19.666666666666668 0.5788980654663732 0.15772453772096032 0
19.683333333333334 0.5785814588054856 0.15888201763105883 0
19.7 0.5782625378195343 0.16003886201329867 0
19.716666666666665 0.5782625378195343 0.16003886201329867 0
19.733333333333334 0.5779413037842027 0.16119506624030386 0
19.75 0.5776177579844265 0.162350625687259 0
19.766666666666666 0.5772919017143885 0.16350553573192786 0
19.783333333333335 0.5769637362775134 0.1646597917546718 0
19.8 0.5766332629864626 0.16581338913846824 0
19.816666666666666 0.5766332629864626 0.16581338913846824 0
19.833333333333332 0.5763004831631285 0.16696632326892927 0
19.85 0.5759653981386302 0.16811858953431977 0
19.866666666666667 0.5756280092533074 0.16927018332557636 0
19.883333333333333 0.5752883178567151 0.1704211000363253 0
19.9 0.5749463253076182 0.17157133506290131 0
19.916666666666668 0.5749463253076182 0.17157133506290131 0
19.933333333333334 0.5746020329739868 0.17272088380436584 0
19.95 0.5742554422329897 0.17386974166252547 0
19.966666666666665 0.5739065544709894 0.17501790404195028 0
19.983333333333334 0.5735553710835363 0.17616536634999225 0
20.0 0.5732018934753635 0.1773121239968037 0
20.016666666666666 0.5732018934753635 0.1773121239968037 0
20.033333333333335 0.5728461230603813 0.17845817239535564 0
20.05 0.5724880612616705 0.1796035069614559 0
20.066666666666666 0.5721277095114781 0.1807481231137678 0
20.083333333333332 0.5717650692512104 0.18189201627382826 0
20.1 0.571400141931428 0.1830351818660661 0
20.116666666666667 0.571400141931428 0.1830351818660661 0
20.133333333333333 0.5710329290118399 0.18417761531782054 0
20.15 0.570663431961297 0.18531931205935928 0
20.166666666666668 0.5702916522577871 0.18646026752389688 0
20.183333333333334 0.5699175913884287 0.187600477147613 0
20.2 0.5695412508494645 0.18873993636967065 0
20.216666666666665 0.5695412508494645 0.18873993636967065 0
20.233333333333334 0.5691626321462563 0.18987864063223447 0
20.25 0.5687817367932785 0.19101658538048896 0
20.266666666666666 0.5683985663141119 0.1921537660626566 0
20.283333333333335 0.5680131222414379 0.19329017813001623 0
20.3 0.5676254061170322 0.19442581703692102 0
20.316666666666666 0.5676254061170322 0.19442581703692102 0
20.333333333333332 0.5672354194917589 0.19556067824081688 0
20.35 0.5668431639255639 0.19669475720226057 0
20.366666666666667 0.566448640987469 0.19782804938493767 0
20.383333333333333 0.5660518522555655 0.19896055025568105 0
20.4 0.5656527993170077 0.20009225528448862 0
20.416666666666668 0.5656527993170077 0.20009225528448862 0
20.433333333333334 0.5652514837680068 0.2012231599445419 0
20.45 0.5648479072138245 0.20235325971222368 0
20.466666666666665 0.5644420712687666 0.20348255006713642 0
20.483333333333334 0.564033977556176 0.2046110264921202 0
20.5 0.5636236277084273 0.20573868447327084 0
20.516666666666666 0.5636236277084273 0.20573868447327084 0
20.533333333333335 0.5632110233669193 0.20686551949995785 0
20.55 0.5627961661820687 0.20799152706484272 0
20.566666666666666 0.5623790578133039 0.20911670266389665 0
20.583333333333332 0.5619596999290576 0.21024104179641875 0
20.6 0.5615380942067608 0.21136453996505397 0
20.616666666666667 0.5615380942067608 0.21136453996505397 0
20.633333333333333 0.5611142423328361 0.21248719267581115 0
20.65 0.56068814600269 0.21360899543808096 0
20.666666666666668 0.5602598069207076 0.21472994376465385 0
20.683333333333334 0.5598292268002445 0.21585003317173795 0
20.7 0.5593964073636206 0.2169692591789772 0
20.716666666666665 0.5593964073636206 0.2169692591789772 0
20.733333333333334 0.5589613503421131 0.218087617309469 0
20.75 0.5585240574759497 0.21920510308978233 0
20.766666666666666 0.5580845305143008 0.2203217120499756 0
20.783333333333335 0.5576427712152742 0.22143743972361443 0
20.8 0.5571987813459062 0.2225522816477896 0
20.816666666666666 0.5571987813459062 0.2225522816477896 0
20.833333333333332 0.5567525626821557 0.22366623336313493 0
20.85 0.5563041170088967 0.224779290413845 0
20.866666666666667 0.5558534461199116 0.22589144834769317 0
20.883333333333333 0.5554005518178831 0.2270027027160491 0
20.9 0.5549454359143878 0.22811304907389685 0
20.916666666666668 0.5549454359143878 0.22811304907389685 0
20.933333333333334 0.5544881002298888 0.22922248297985245 0
20.95 0.5540285465937282 0.23033099999618176 0
20.966666666666665 0.5535667768441199 0.2314385956888182 0
20.983333333333334 0.5531027928281425 0.23254526562738048 0
21.0 0.552636596401731 0.2336510053851903 0
21.016666666666666 0.552636596401731 0.2336510053851903 0
21.033333333333335 0.5521681894296708 0.2347558105392901 0
21.05 0.5516975737855893 0.2358596766704608 0
21.066666666666666 0.551224751351948 0.2369625993632392 0
21.083333333333332 0.5507497240200364 0.23806457420593619 0
21.1 0.550272493689963 0.23916559679065374 0
21.116666666666667 0.550272493689963 0.23916559679065374 0
21.133333333333333 0.5497930622706486 0.24026566271330302 0
21.15 0.5493114316798181 0.2413647675736218 0
21.166666666666668 0.5488276038439933 0.2424629069751921 0
21.183333333333334 0.5483415806984849 0.24356007652545775 0
21.2 0.547853364187385 0.24465627183574207 0
21.216666666666665 0.547853364187385 0.24465627183574207 0
21.233333333333334 0.5473629562635586 0.24575148852126527 0
21.25 0.546870358888637 0.24684572220116205 0
21.266666666666666 0.5463755740330091 0.24793896849849917 0
21.283333333333335 0.5458786036758135 0.24903122304029288 0
21.3 0.545379449804931 0.25012248145752647 0
21.316666666666666 0.545379449804931 0.25012248145752647 0
21.333333333333332 0.5448781144169765 0.2512127393851677 0
21.35 0.5443745995172908 0.2523019924621864 0
21.366666666666667 0.543868907119933 0.25339023633157154 0
21.383333333333333 0.5433610392476718 0.25447746664034926 0
21.4 0.542850997931978 0.25556367903959976 0
21.416666666666668 0.542850997931978 0.25556367903959976 0
21.433333333333334 0.5423387852130164 0.2566488691844748 0
21.45 0.541824403139637 0.25773303273421533 0
21.466666666666665 0.5413078537693674 0.2588161653521686 0
21.483333333333334 0.5407891391684047 0.2598982627058055 0
21.5 0.5402682614116061 0.2609793204667381 0
21.516666666666666 0.5402682614116061 0.2609793204667381 0
21.533333333333335 0.5397452225824824 0.26205933431073686 0
21.55 0.5392200247731879 0.26313829991774773 0
21.566666666666666 0.5386926700845134 0.26421621297190984 0
21.583333333333332 0.5381631606258768 0.2652930691615723 0
21.6 0.5376314985153151 0.2663688641793119 0
21.616666666666667 0.5376314985153151 0.2663688641793119 0
21.633333333333333 0.5370976858794763 0.26744359372194987 0
21.65 0.5365617248536101 0.26851725349056954 0
21.666666666666668 0.5360236175815599 0.2695898391905333 0
21.683333333333334 0.535483366215754 0.27066134653149976 0
21.7 0.5349409729171973 0.27173177122744097 0
21.716666666666665 0.5349409729171973 0.27173177122744097 0
21.733333333333334 0.5343964398554621 0.2728011089966596 0
21.75 0.5338497692086801 0.2738693555618059 0
21.766666666666666 0.5333009631635331 0.2749365066498952 0
21.783333333333335 0.5327500239152444 0.2760025579923245 0
21.8 0.5321969536675705 0.2770675053248897 0
21.816666666666666 0.5321969536675705 0.2770675053248897 0
21.833333333333332 0.5316417546327914 0.2781313443878031 0
21.85 0.5310844290317027 0.2791940709257098 0
21.866666666666667 0.530524979093606 0.28025568068770507 0
21.883333333333333 0.5299634070563003 0.2813161694273512 0
21.9 0.5293997151660729 0.2823755329026948 0
21.916666666666668 0.5293997151660729 0.2823755329026948 0
21.933333333333334 0.5288339056776907 0.28343376687628324 0
21.95 0.5282659808543909 0.28449086711518207 0
21.966666666666665 0.5276959429678721 0.2855468293909918 0
21.983333333333334 0.527123794298285 0.2866016494798647 0
22.0 0.5265495371342236 0.2876553231625218 0
22.016666666666666 0.5265495371342236 0.2876553231625218 0
22.033333333333335 0.5259731737727157 0.28870784622426976 0
22.05 0.5253947065192139 0.2897592144550178 0
22.066666666666666 0.5248141376875867 0.29080942364929435 0
22.083333333333332 0.5242314696001084 0.2918584696062641 0
22.1 0.5236467045874508 0.2929063481297445 0
22.116666666666667 0.5236467045874508 0.2929063481297445 0
22.133333333333333 0.5230598449886729 0.29395305502822294 0
22.15 0.5224708931512125 0.2949985861148732 0
22.166666666666668 0.5218798514308761 0.29604293720757235 0
22.183333333333334 0.5212867221918299 0.2970861041289174 0
22.2 0.5206915078065899 0.298128082706242 0
22.216666666666665 0.5206915078065899 0.298128082706242 0
22.233333333333334 0.520094210656013 0.29916886877163335 0
22.25 0.5194948331292868 0.30020845816194847 0
22.266666666666666 0.518893377623921 0.30124684671883123 0
22.283333333333335 0.5182898465457363 0.30228403028872874 0
22.3 0.5176842423088566 0.30332000472290815 0
22.316666666666666 0.5176842423088566 0.30332000472290815 0
22.333333333333332 0.5170765673356978 0.3043547658774731 0
22.35 0.5164668240569592 0.30538830961338037 0
22.366666666666667 0.515855014911613 0.30642063179645634 0
22.383333333333333 0.5152411423468949 0.30745172829741374 0
22.4 0.5146252088182944 0.3084815949918679 0
22.416666666666668 0.5146252088182944 0.3084815949918679 0
22.433333333333334 0.5140072167895449 0.3095102277603533 0
22.45 0.5133871687326135 0.31053762248834044 0
22.466666666666665 0.5127650671276917 0.3115637750662516 0
22.483333333333334 0.512140914463185 0.312588681389478 0
22.5 0.5115147132357034 0.3136123373583955 0
22.516666666666666 0.5115147132357034 0.3136123373583955 0
22.533333333333335 0.5108864659500508 0.31463473887838184 0
22.55 0.5102561751192157 0.31565588185983207 0
22.566666666666666 0.5096238432643604 0.31667576221817584 0
22.583333333333332 0.5089894729148116 0.3176943758738929 0
22.6 0.5083530666080497 0.31871171875253 0
22.616666666666667 0.5083530666080497 0.31871171875253 0
22.633333333333333 0.5077146268896991 0.3197277867847172 0
22.65 0.507074156313518 0.32074257590618344 0
22.666666666666668 0.5064316574413877 0.32175608205777373 0
22.683333333333334 0.505787132843303 0.32276830118546485 0
22.7 0.5051405850973611 0.32377922924038155 0
22.716666666666665 0.5051405850973611 0.32377922924038155 0
22.733333333333334 0.5044920167897525 0.324788862178813 0
22.75 0.5038414305147494 0.3257971959622288 0
22.766666666666666 0.503188828874696 0.32680422655729513 0
22.783333333333335 0.502534214479998 0.3278099499358909 0
22.8 0.5018775899491121 0.3288143620751241 0
22.816666666666666 0.5018775899491121 0.3288143620751241 0
22.833333333333332 0.5012189579085357 0.32981745895734743 0
22.85 0.5005583209927958 0.33081923657017465 0
22.866666666666667 0.49989568184443944 0.3318196909064967 0
22.883333333333333 0.49923104311402217 0.33281881796449747 0
22.9 0.4985644074600981 0.33381661374767024 0
22.916666666666668 0.4985644074600981 0.33381661374767024 0
22.933333333333334 0.49789577754920894 0.33481307426483303 0
22.95 0.4972251560558734 0.33580819553014524 0
22.966666666666665 0.4965525456625767 0.3368019735631231 0
22.983333333333334 0.49587794905975935 0.33779440438865577 0
23.0 -0.6 0 0
23.016666666666666 -0.6 0 0
23.033333333333335 -0.6 0 0
23.05 -0.6 0 0
23.066666666666666 -0.6 0 0
23.083333333333332 -0.6 0 0
23.1 -0.6 0 0
23.116666666666667 -0.6 0 0
23.133333333333333 -0.6 0 0
23.15 -0.6 0 0
23.166666666666668 -0.6 0 0
23.183333333333334 -0.6 0 0
23.2 -0.6 0 0
23.216666666666665 -0.6 0 0
23.233333333333334 -0.6 0 0
23.25 -0.6 0 0
23.266666666666666 -0.6 0 0
23.283333333333335 -0.6 0 0
23.3 -0.6 0 0
23.316666666666666 -0.6 0 0
23.333333333333332 -0.6 0 0
23.35 -0.6 0 0
23.366666666666667 -0.6 0 0
23.383333333333333 -0.6 0 0
23.4 -0.6 0 0
23.416666666666668 -0.6 0 0
23.433333333333334 -0.6 0 0
23.45 -0.6 0 0
23.466666666666665 -0.6 0 0
23.483333333333334 -0.6 0 0
23.5 -0.6 0 0
23.516666666666666 -0.6 0 0
23.533333333333335 -0.6 0 0
23.55 -0.6 0 0
23.566666666666666 -0.6 0 0
23.583333333333332 -0.6 0 0
23.6 -0.6 0 0
23.616666666666667 -0.6 0 0
23.633333333333333 -0.6 0 0
23.65 -0.6 0 0
23.666666666666668 -0.6 0 0
23.683333333333334 -0.6 0 0
23.7 -0.6 0 0
23.716666666666665 -0.6 0 0
23.733333333333334 -0.6 0 0
23.75 -0.6 0 0
23.766666666666666 -0.6 0 0
23.783333333333335 -0.6 0 0
23.8 -0.6 0 0
23.816666666666666 -0.6 0 0
23.833333333333332 -0.6 0 0
23.85 -0.6 0 0
23.866666666666667 -0.6 0 0
23.883333333333333 -0.6 0 0
23.9 -0.6 0 0
23.916666666666668 -0.6 0 0
23.933333333333334 -0.6 0 0
23.95 -0.6 0 0
23.966666666666665 -0.6 0 0
23.983333333333334 -0.6 0 0
24.0 -0.6 0 0
24.016666666666666 -0.6 0 0
24.033333333333335 -0.6 0 0
24.05 -0.6 0 0
24.066666666666666 -0.6 0 0
24.083333333333332 -0.6 0 0
24.1 -0.6 0 0
24.116666666666667 -0.6 0 0
24.133333333333333 -0.6 0 0
24.15 -0.6 0 0
24.166666666666668 -0.6 0 0
24.183333333333334 -0.6 0 0
24.2 -0.6 0 0
24.216666666666665 -0.6 0 0
24.233333333333334 -0.6 0 0
24.25 -0.6 0 0
24.266666666666666 -0.6 0 0
24.283333333333335 -0.6 0 0
24.3 -0.6 0 0
24.316666666666666 -0.6 0 0
24.333333333333332 -0.6 0 0
24.35 -0.6 0 0
24.366666666666667 -0.6 0 0
24.383333333333333 -0.6 0 0
24.4 -0.6 0 0
24.416666666666668 -0.6 0 0
24.433333333333334 -0.6 0 0
24.45 -0.6 0 0
24.466666666666665 -0.6 0 0
24.483333333333334 -0.6 0 0
24.5 -0.6 0 0
24.516666666666666 -0.6 0 0
24.533333333333335 -0.6 0 0
24.55 -0.6 0 0
24.566666666666666 -0.6 0 0
24.583333333333332 -0.6 0 0
24.6 -0.6 0 0
24.616666666666667 -0.6 0 0
24.633333333333333 -0.6 0 0
24.65 -0.6 0 0
24.666666666666668 -0.6 0 0
24.683333333333334 -0.6 0 0
24.7 -0.6 0 0
24.716666666666665 -0.6 0 0
24.733333333333334 -0.6 0 0
24.75 -0.6 0 0
24.766666666666666 -0.6 0 0
24.783333333333335 -0.6 0 0
24.8 -0.6 0 0
24.816666666666666 -0.6 0 0
24.833333333333332 -0.6 0 0
24.85 -0.6 0 0
24.866666666666667 -0.6 0 0
24.883333333333333 -0.6 0 0
24.9 -0.6 0 0
24.916666666666668 -0.6 0 0
24.933333333333334 -0.6 0 0
24.95 -0.6 0 0
24.966666666666665 -0.6 0 0
24.983333333333334 -0.6 0 0
25.0 -0.6 0 0
25.016666666666666 -0.6 0 0
25.033333333333335 -0.6 0 0
25.05 -0.6 0 0
25.066666666666666 -0.6 0 0
25.083333333333332 -0.6 0 0
25.1 -0.6 0 0
25.116666666666667 -0.6 0 0
25.133333333333333 -0.6 0 0
25.15 -0.6 0 0
25.166666666666668 -0.6 0 0
25.183333333333334 -0.6 0 0
25.2 -0.6 0 0
25.216666666666665 -0.6 0 0
25.233333333333334 -0.6 0 0
25.25 -0.6 0 0
25.266666666666666 -0.6 0 0
25.283333333333335 -0.6 0 0
25.3 -0.6 0 0
25.316666666666666 -0.6 0 0
25.333333333333332 -0.6 0 0
25.35 -0.6 0 0
25.366666666666667 -0.6 0 0
25.383333333333333 -0.6 0 0
25.4 -0.6 0 0
25.416666666666668 -0.6 0 0
25.433333333333334 -0.6 0 0
25.45 -0.6 0 0
25.466666666666665 -0.6 0 0
25.483333333333334 -0.6 0 0
25.5 -0.6 0 0
25.516666666666666 -0.6 0 0
25.533333333333335 -0.6 0 0
25.55 -0.6 0 0
25.566666666666666 -0.6 0 0
25.583333333333332 -0.6 0 0
25.6 -0.6 0 0
25.616666666666667 -0.6 0 0
25.633333333333333 -0.6 0 0
25.65 -0.6 0 0
25.666666666666668 -0.6 0 0
25.683333333333334 -0.6 0 0
25.7 -0.6 0 0
25.716666666666665 -0.6 0 0
25.733333333333334 -0.6 0 0
25.75 -0.6 0 0
25.766666666666666 -0.6 0 0
25.783333333333335 -0.6 0 0
25.8 -0.6 0 0
25.816666666666666 -0.6 0 0
25.833333333333332 -0.6 0 0
25.85 -0.6 0 0
25.866666666666667 -0.6 0 0
25.883333333333333 -0.6 0 0
25.9 -0.6 0 0
25.916666666666668 -0.6 0 0
25.933333333333334 -0.6 0 0
25.95 -0.6 0 0
25.966666666666665 -0.6 0 0
25.983333333333334 -0.6 0 0
26.0 0 0 0
26.016666666666666 0 0 0
26.033333333333335 0 0 0
26.05 0 0 0
26.066666666666666 0 0 0
26.083333333333332 0 0 0
26.1 0 0 0
26.116666666666667 0 0 0
26.133333333333333 0 0 0
26.15 0 0 0
26.166666666666668 0 0 0
26.183333333333334 0 0 0
26.2 0 0 0
26.216666666666665 0 0 0
26.233333333333334 0 0 0
26.25 0 0 0
26.266666666666666 0 0 0
26.283333333333335 0 0 0
26.3 0 0 0
26.316666666666666 0 0 0
26.333333333333332 0 0 0
26.35 0 0 0
26.366666666666667 0 0 0
26.383333333333333 0 0 0
26.4 0 0 0
26.416666666666668 0 0 0
26.433333333333334 0 0 0
26.45 0 0 0
26.466666666666665 0 0 0
26.483333333333334 0 0 0
26.5 0 0 0
26.516666666666666 0 0 0
26.533333333333335 0 0 0
26.55 0 0 0
26.566666666666666 0 0 0
26.583333333333332 0 0 0
26.6 0 0 0
26.616666666666667 0 0 0
26.633333333333333 0 0 0
26.65 0 0 0
26.666666666666668 0 0 0
26.683333333333334 0 0 0
26.7 0 0 0
26.716666666666665 0 0 0
26.733333333333334 0 0 0
26.75 0 0 0
26.766666666666666 0 0 0
26.783333333333335 0 0 0
26.8 0 0 0
26.816666666666666 0 0 0
26.833333333333332 0 0 0
26.85 0 0 0
26.866666666666667 0 0 0
26.883333333333333 0 0 0
26.9 0 0 0
26.916666666666668 0 0 0
26.933333333333334 0 0 0
26.95 0 0 0
26.966666666666665 0 0 0
26.983333333333334 0 0 0
27.0 0 0 0
27.016666666666666 0 0 0
27.033333333333335 0 0 0
27.05 0 0 0
27.066666666666666 0 0 0
27.083333333333332 0 0 0
27.1 0 0 0
27.116666666666667 0 0 0
27.133333333333333 0 0 0
27.15 0 0 0
27.166666666666668 0 0 0
27.183333333333334 0 0 0
27.2 0 0 0
27.216666666666665 0 0 0
27.233333333333334 0 0 0
27.25 0 0 0
27.266666666666666 0 0 0
27.283333333333335 0 0 0
27.3 0 0 0
27.316666666666666 0 0 0
27.333333333333332 0 0 0
27.35 0 0 0
27.366666666666667 0 0 0
27.383333333333333 0 0 0
27.4 0 0 0
27.416666666666668 0 0 0
27.433333333333334 0 0 0
27.45 0 0 0
27.466666666666665 0 0 0
27.483333333333334 0 0 0
27.5 0 0 0
27.516666666666666 0 0 0
27.533333333333335 0 0 0
27.55 0 0 0
27.566666666666666 0 0 0
27.583333333333332 0 0 0
27.6 0 0 0
27.616666666666667 0 0 0
27.633333333333333 0 0 0
27.65 0 0 0
27.666666666666668 0 0 0
27.683333333333334 0 0 0
27.7 0 0 0
27.716666666666665 0 0 0
27.733333333333334 0 0 0
27.75 0 0 0
27.766666666666666 0 0 0
27.783333333333335 0 0 0
27.8 0 0 0
27.816666666666666 0 0 0
27.833333333333332 0 0 0
27.85 0 0 0
27.866666666666667 0 0 0
27.883333333333333 0 0 0
27.9 0 0 0
27.916666666666668 0 0 0
27.933333333333334 0 0 0
27.95 0 0 0
27.966666666666665 0 0 0
27.983333333333334 0 0 0
28.0 0.5 0 0.3
28.016666666666666 0.5 0 0.3
28.033333333333335 0.5 0 0.3
28.05 0.5 0 0.3
28.066666666666666 0.5 0 0.3
28.083333333333332 0.5 0 0.3
28.1 0.5 0 0.3
28.116666666666667 0.5 0 0.3
28.133333333333333 0.5 0 0.3
28.15 0.5 0 0.3
28.166666666666668 0.5 0 0.3
28.183333333333334 0.5 0 0.3
28.2 0.5 0 0.3
28.216666666666665 0.5 0 0.3
28.233333333333334 0.5 0 0.3
28.25 0.5 0 0.3
28.266666666666666 0.5 0 0.3
28.283333333333335 0.5 0 0.3
28.3 0.5 0 0.3
28.316666666666666 0.5 0 0.3
28.333333333333332 0.5 0 0.3
28.35 0.5 0 0.3
28.366666666666667 0.5 0 0.3
28.383333333333333 0.5 0 0.3
28.4 0.5 0 0.3
28.416666666666668 0.5 0 0.3
28.433333333333334 0.5 0 0.3
28.45 0.5 0 0.3
28.466666666666665 0.5 0 0.3
28.483333333333334 0.5 0 0.3
28.5 0.5 0 0.3
28.516666666666666 0.5 0 0.3
28.533333333333335 0.5 0 0.3
28.55 0.5 0 0.3
28.566666666666666 0.5 0 0.3
28.583333333333332 0.5 0 0.3
28.6 0.5 0 0.3
28.616666666666667 0.5 0 0.3
28.633333333333333 0.5 0 0.3
28.65 0.5 0 0.3
28.666666666666668 0.5 0 0.3
28.683333333333334 0.5 0 0.3
28.7 0.5 0 0.3
28.716666666666665 0.5 0 0.3
28.733333333333334 0.5 0 0.3
28.75 0.5 0 0.3
28.766666666666666 0.5 0 0.3
28.783333333333335 0.5 0 0.3
28.8 0.5 0 0.3
28.816666666666666 0.5 0 0.3
28.833333333333332 0.5 0 0.3
28.85 0.5 0 0.3
28.866666666666667 0.5 0 0.3
28.883333333333333 0.5 0 0.3
28.9 0.5 0 0.3
28.916666666666668 0.5 0 0.3
28.933333333333334 0.5 0 0.3
28.95 0.5 0 0.3
28.966666666666665 0.5 0 0.3
28.983333333333334 0.5 0 0.3
29.0 0.5 0 0.3
29.016666666666666 0.5 0 0.3
29.033333333333335 0.5 0 0.3
29.05 0.5 0 0.3
29.066666666666666 0.5 0 0.3
29.083333333333332 0.5 0 0.3
29.1 0.5 0 0.3
29.116666666666667 0.5 0 0.3
29.133333333333333 0.5 0 0.3
29.15 0.5 0 0.3
29.166666666666668 0.5 0 0.3
29.183333333333334 0.5 0 0.3
29.2 0.5 0 0.3
29.216666666666665 0.5 0 0.3
29.233333333333334 0.5 0 0.3
29.25 0.5 0 0.3
29.266666666666666 0.5 0 0.3
29.283333333333335 0.5 0 0.3
29.3 0.5 0 0.3
29.316666666666666 0.5 0 0.3
29.333333333333332 0.5 0 0.3
29.35 0.5 0 0.3
29.366666666666667 0.5 0 0.3
29.383333333333333 0.5 0 0.3
29.4 0.5 0 0.3
29.416666666666668 0.5 0 0.3
29.433333333333334 0.5 0 0.3
29.45 0.5 0 0.3
29.466666666666665 0.5 0 0.3
29.483333333333334 0.5 0 0.3
29.5 0.5 0 0.3
29.516666666666666 0.5 0 0.3
29.533333333333335 0.5 0 0.3
29.55 0.5 0 0.3
29.566666666666666 0.5 0 0.3
29.583333333333332 0.5 0 0.3
29.6 0.5 0 0.3
29.616666666666667 0.5 0 0.3
29.633333333333333 0.5 0 0.3
29.65 0.5 0 0.3
29.666666666666668 0.5 0 0.3
29.683333333333334 0.5 0 0.3
29.7 0.5 0 0.3
29.716666666666665 0.5 0 0.3
29.733333333333334 0.5 0 0.3
29.75 0.5 0 0.3
29.766666666666666 0.5 0 0.3
29.783333333333335 0.5 0 0.3
29.8 0.5 0 0.3
29.816666666666666 0.5 0 0.3
29.833333333333332 0.5 0 0.3
29.85 0.5 0 0.3
29.866666666666667 0.5 0 0.3
29.883333333333333 0.5 0 0.3
29.9 0.5 0 0.3
29.916666666666668 0.5 0 0.3
29.933333333333334 0.5 0 0.3
29.95 0.5 0 0.3
29.966666666666665 0.5 0 0.3
29.983333333333334 0.5 0 0.3
30.0 0.5 0 0.3
30.016666666666666 0.5 0 0.3
30.033333333333335 0.5 0 0.3
30.05 0.5 0 0.3
30.066666666666666 0.5 0 0.3
30.083333333333332 0.5 0 0.3
30.1 0.5 0 0.3
30.116666666666667 0.5 0 0.3
30.133333333333333 0.5 0 0.3
30.15 0.5 0 0.3
30.166666666666668 0.5 0 0.3
30.183333333333334 0.5 0 0.3
30.2 0.5 0 0.3
30.216666666666665 0.5 0 0.3
30.233333333333334 0.5 0 0.3
30.25 0.5 0 0.3
30.266666666666666 0.5 0 0.3
30.283333333333335 0.5 0 0.3
30.3 0.5 0 0.3
30.316666666666666 0.5 0 0.3
30.333333333333332 0.5 0 0.3
30.35 0.5 0 0.3
30.366666666666667 0.5 0 0.3
30.383333333333333 0.5 0 0.3
30.4 0.5 0 0.3
30.416666666666668 0.5 0 0.3
30.433333333333334 0.5 0 0.3
30.45 0.5 0 0.3
30.466666666666665 0.5 0 0.3
30.483333333333334 0.5 0 0.3
30.5 0.5 0 0.3
30.516666666666666 0.5 0 0.3
30.533333333333335 0.5 0 0.3
30.55 0.5 0 0.3
30.566666666666666 0.5 0 0.3
30.583333333333332 0.5 0 0.3
30.6 0.5 0 0.3
30.616666666666667 0.5 0 0.3
30.633333333333333 0.5 0 0.3
30.65 0.5 0 0.3
30.666666666666668 0.5 0 0.3
30.683333333333334 0.5 0 0.3
30.7 0.5 0 0.3
30.716666666666665 0.5 0 0.3
30.733333333333334 0.5 0 0.3
30.75 0.5 0 0.3
30.766666666666666 0.5 0 0.3
30.783333333333335 0.5 0 0.3
30.8 0.5 0 0.3
30.816666666666666 0.5 0 0.3
30.833333333333332 0.5 0 0.3
30.85 0.5 0 0.3
30.866666666666667 0.5 0 0.3
30.883333333333333 0.5 0 0.3
30.9 0.5 0 0.3
30.916666666666668 0.5 0 0.3
30.933333333333334 0.5 0 0.3
30.95 0.5 0 0.3
30.966666666666665 0.5 0 0.3
30.983333333333334 0.5 0 0.3
31.0 0.5 0 0.3
31.016666666666666 0.5 0 0.3
31.033333333333335 0.5 0 0.3
31.05 0.5 0 0.3
31.066666666666666 0.5 0 0.3
31.083333333333332 0.5 0 0.3
31.1 0.5 0 0.3
31.116666666666667 0.5 0 0.3
31.133333333333333 0.5 0 0.3
31.15 0.5 0 0.3
31.166666666666668 0.5 0 0.3
31.183333333333334 0.5 0 0.3
31.2 0.5 0 0.3
31.216666666666665 0.5 0 0.3
31.233333333333334 0.5 0 0.3
31.25 0.5 0 0.3
31.266666666666666 0.5 0 0.3
31.283333333333335 0.5 0 0.3
31.3 0.5 0 0.3
31.316666666666666 0.5 0 0.3
31.333333333333332 0.5 0 0.3
31.35 0.5 0 0.3
31.366666666666667 0.5 0 0.3
31.383333333333333 0.5 0 0.3
31.4 0.5 0 0.3
31.416666666666668 0.5 0 0.3
31.433333333333334 0.5 0 0.3
31.45 0.5 0 0.3
31.466666666666665 0.5 0 0.3
31.483333333333334 0.5 0 0.3
31.5 0.5 0 0.3
31.516666666666666 0.5 0 0.3
31.533333333333335 0.5 0 0.3
31.55 0.5 0 0.3
31.566666666666666 0.5 0 0.3
31.583333333333332 0.5 0 0.3
31.6 0.5 0 0.3
31.616666666666667 0.5 0 0.3
31.633333333333333 0.5 0 0.3
31.65 0.5 0 0.3
31.666666666666668 0.5 0 0.3
31.683333333333334 0.5 0 0.3
31.7 0.5 0 0.3
31.716666666666665 0.5 0 0.3
31.733333333333334 0.5 0 0.3
31.75 0.5 0 0.3
31.766666666666666 0.5 0 0.3
31.783333333333335 0.5 0 0.3
31.8 0.5 0 0.3
31.816666666666666 0.5 0 0.3
31.833333333333332 0.5 0 0.3
31.85 0.5 0 0.3
31.866666666666667 0.5 0 0.3
31.883333333333333 0.5 0 0.3
31.9 0.5 0 0.3
31.916666666666668 0.5 0 0.3
31.933333333333334 0.5 0 0.3
31.95 0.5 0 0.3
31.966666666666665 0.5 0 0.3
31.983333333333334 0.5 0 0.3
32.0 0 0 0
32.016666666666666 0 0 0
32.03333333333333 0 0 0
32.05 0 0 0
32.06666666666667 0 0 0
32.083333333333336 0 0 0
32.1 0 0 0
32.11666666666667 0 0 0
32.13333333333333 0 0 0
32.15 0 0 0
32.166666666666664 0 0 0
32.18333333333333 0 0 0
32.2 0 0 0
32.21666666666667 0 0 0
32.233333333333334 0 0 0
32.25 0 0 0
32.266666666666666 0 0 0
32.28333333333333 0 0 0
32.3 0 0 0
32.31666666666667 0 0 0
32.333333333333336 0 0 0
32.35 0 0 0
32.36666666666667 0 0 0
32.38333333333333 0 0 0
32.4 0 0 0
32.416666666666664 0 0 0
32.43333333333333 0 0 0
32.45 0 0 0
32.46666666666667 0 0 0
32.483333333333334 0 0 0
32.5 0 0 0
32.516666666666666 0 0 0
32.53333333333333 0 0 0
32.55 0 0 0
32.56666666666667 0 0 0
32.583333333333336 0 0 0
32.6 0 0 0
32.61666666666667 0 0 0
32.63333333333333 0 0 0
32.65 0 0 0
32.666666666666664 0 0 0
32.68333333333333 0 0 0
32.7 0 0 0
32.71666666666667 0 0 0
32.733333333333334 0 0 0
32.75 0 0 0
32.766666666666666 0 0 0
32.78333333333333 0 0 0
32.8 0 0 0
32.81666666666667 0 0 0
32.833333333333336 0 0 0
32.85 0 0 0
32.86666666666667 0 0 0
32.88333333333333 0 0 0
32.9 0 0 0
32.916666666666664 0 0 0
32.93333333333333 0 0 0
32.95 0 0 0
32.96666666666667 0 0 0
32.983333333333334 0 0 0
33.0 0 0 0
33.016666666666666 0 0 0
33.03333333333333 0 0 0
33.05 0 0 0
33.06666666666667 0 0 0
33.083333333333336 0 0 0
33.1 0 0 0
33.11666666666667 0 0 0
33.13333333333333 0 0 0
33.15 0 0 0
33.166666666666664 0 0 0
33.18333333333333 0 0 0
33.2 0 0 0
33.21666666666667 0 0 0
33.233333333333334 0 0 0
33.25 0 0 0
33.266666666666666 0 0 0
33.28333333333333 0 0 0
33.3 0 0 0
33.31666666666667 0 0 0
33.333333333333336 0 0 0
33.35 0 0 0
33.36666666666667 0 0 0
33.38333333333333 0 0 0
33.4 0 0 0
33.416666666666664 0 0 0
33.43333333333333 0 0 0
33.45 0 0 0
33.46666666666667 0 0 0
33.483333333333334 0 0 0
33.5 0 0 0
33.516666666666666 0 0 0
33.53333333333333 0 0 0
33.55 0 0 0
33.56666666666667 0 0 0
33.583333333333336 0 0 0
33.6 0 0 0
33.61666666666667 0 0 0
33.63333333333333 0 0 0
33.65 0 0 0
33.666666666666664 0 0 0
33.68333333333333 0 0 0
33.7 0 0 0
33.71666666666667 0 0 0
33.733333333333334 0 0 0
33.75 0 0 0
33.766666666666666 0 0 0
33.78333333333333 0 0 0
33.8 0 0 0
33.81666666666667 0 0 0
33.833333333333336 0 0 0
33.85 0 0 0
33.86666666666667 0 0 0
33.88333333333333 0 0 0
33.9 0 0 0
33.916666666666664 0 0 0
33.93333333333333 0 0 0
33.95 0 0 0
33.96666666666667 0 0 0
33.983333333333334 0 0 0
34.0 0 0 0
