time 40.3333 position -43.6852 -10.0982  2.33919 velocity 0 0 0 intent  1.92717 0.534791        0 envelope 0.58
known_body_plus 0 1
known_body_plus 0.005 0
known_body_plus 0.01 0
known_body_plus 0.02 0
known_body_plus 0.03 0
evidence history 16 current 4 pending 17 reached 128 previous_command 0 0 0 proposal 0 0 0
view 0 stamp 40.3167 revoked 0 origin -43.4652 -10.0992  2.35919
view 1 stamp 40.2167 revoked 0 origin -43.7129 -9.88007  2.35923
view 2 stamp 40.3 revoked 0 origin -43.9052 -10.1019  2.35919
view 3 stamp 40.2333 revoked 0 origin -43.6624  -10.317  2.35919
view 0 stamp 24.5167 revoked 0 origin -44.1759 -9.94774  2.31026
view 3 stamp 24.5833 revoked 0 origin -44.3148 -10.1905  2.31551
view 1 stamp 35.2167 revoked 0 origin -43.5961 -9.90177  2.35878
view 3 stamp 35.2333 revoked 0 origin  -43.774 -10.3042  2.35878
view 0 stamp 35.2667 revoked 0 origin -43.4816 -10.1836  2.35878
view 2 stamp 35.3 revoked 0 origin -43.8938 -10.0298  2.35878
view 1 stamp 37.2167 revoked 0 origin -43.5644 -9.91634  2.35968
view 3 stamp 37.2333 revoked 0 origin -43.8061  -10.284  2.35968
view 0 stamp 37.3 revoked 0 origin -43.5014  -10.221  2.35968
view 2 stamp 37.3 revoked 0 origin -43.8691 -9.97933  2.35968
view 3 stamp 38.2333 revoked 0 origin -43.6838 -10.3202  2.35968
view 2 stamp 38.3 revoked 0 origin -43.9052 -10.1017  2.35968
view 0 stamp 40.0167 revoked 0 origin -43.4667 -10.0747  2.35968
view 1 stamp 40.0167 revoked 0 origin -43.7107 -9.88166  2.35968
view 3 stamp 40.0333 revoked 0 origin  -43.655 -10.3181  2.35968
view 2 stamp 40.1 revoked 0 origin -43.9024 -10.1352  2.35968
motion_scale 0 current 1 saved_certificate 1
motion_scale 0.5 current 1 saved_certificate 1
motion_scale 1 current 1 saved_certificate 1
yaw_deg,pitch_deg,intent_cosine,prefix_m
-180,-60,-0.481793,0.0419922
-165,-60,-0.49998,0.0412598
-150,-60,-0.484094,0.0380859
-135,-60,-0.435218,0.0334473
-120,-60,-0.356682,0.0270996
-105,-60,-0.253839,0.0202637
-90,-60,-0.133698,0.013916
-75,-60,-0.00444478,0.00927734
-60,-60,0.125111,0.00634766
-45,-60,0.246141,0.00463867
-30,-60,0.350396,0.00390625
-15,-60,0.430773,0.00341797
0,-60,0.481793,0.00341797
15,-60,0.49998,0.00341797
30,-60,0.484094,0.00366211
45,-60,0.435218,0.00439453
60,-60,0.356682,0.00585938
75,-60,0.253839,0.00830078
90,-60,0.133698,0.0126953
105,-60,0.00444478,0.0187988
120,-60,-0.125111,0.0256348
135,-60,-0.246141,0.0319824
150,-60,-0.350396,0.0373535
165,-60,-0.430773,0.0407715
-180,-30,-0.834491,0.0812988
-165,-30,-0.865991,0.0656738
-150,-30,-0.838476,0.0571289
-135,-30,-0.75382,0.0483398
-120,-30,-0.617792,0.0371094
-105,-30,-0.439663,0.0244141
-90,-30,-0.231571,0.0131836
-75,-30,-0.00769859,0.00634766
-60,-30,0.216699,0.00366211
-45,-30,0.426328,0.00268555
-30,-30,0.606905,0.00219727
-15,-30,0.746121,0.00195312
0,-30,0.834491,0.00170898
15,-30,0.865991,0.00195312
30,-30,0.838476,0.00195312
45,-30,0.75382,0.00244141
60,-30,0.617792,0.00341797
75,-30,0.439663,0.00561523
90,-30,0.231571,0.0112305
105,-30,0.00769859,0.0217285
120,-30,-0.216699,0.0344238
135,-30,-0.426328,0.0461426
150,-30,-0.606905,0.0554199
165,-30,-0.746121,0.0791016
-180,0,-0.963587,0.18457
-165,0,-0.99996,0.0893555
-150,0,-0.968188,0.0620117
-135,0,-0.870436,0.052002
-120,0,-0.713365,0.0388184
-105,0,-0.507679,0.0241699
-90,0,-0.267395,0.0114746
-75,0,-0.00888956,0.00512695
-60,0,0.250222,0.00292969
-45,0,0.492282,0.00219727
-30,0,0.700793,0.00170898
-15,0,0.861546,0.00146484
0,0,0.963587,0.00146484
15,0,0.99996,0.00146484
30,0,0.968188,0.00170898
45,0,0.870436,0.00195312
60,0,0.713365,0.00268555
75,0,0.507679,0.00439453
90,0,0.267395,0.00952148
105,0,0.00888956,0.0209961
120,0,-0.250222,0.0356445
135,0,-0.492282,0.0493164
150,0,-0.700793,0.083252
165,0,-0.861546,0.372803
-180,30,-0.834491,0.0581055
-165,30,-0.865991,0.0566406
-150,30,-0.838476,0.0512695
-135,30,-0.75382,0.0427246
-120,30,-0.617792,0.0317383
-105,30,-0.439663,0.0195312
-90,30,-0.231571,0.00976562
-75,30,-0.00769859,0.00512695
-60,30,0.216699,0.00317383
-45,30,0.426328,0.00219727
-30,30,0.606905,0.00195312
-15,30,0.746121,0.00170898
0,30,0.834491,0.00170898
15,30,0.865991,0.00170898
30,30,0.838476,0.00195312
45,30,0.75382,0.00219727
60,30,0.617792,0.00292969
75,30,0.439663,0.00439453
90,30,0.231571,0.00830078
105,30,0.00769859,0.0170898
120,30,-0.216699,0.0290527
135,30,-0.426328,0.0405273
150,30,-0.606905,0.0498047
165,30,-0.746121,0.0559082
-180,60,-0.481793,0.0324707
-165,60,-0.49998,0.0317383
-150,60,-0.484094,0.0288086
-135,60,-0.435218,0.0241699
-120,60,-0.356682,0.0187988
-105,60,-0.253839,0.0131836
-90,60,-0.133698,0.00854492
-75,60,-0.00444478,0.00585938
-60,60,0.125111,0.00415039
-45,60,0.246141,0.00341797
-30,60,0.350396,0.00292969
-15,60,0.430773,0.00268555
0,60,0.481793,0.00244141
15,60,0.49998,0.00268555
30,60,0.484094,0.00292969
45,60,0.435218,0.00317383
60,60,0.356682,0.00390625
75,60,0.253839,0.00537109
90,60,0.133698,0.0078125
105,60,0.00444478,0.0119629
120,60,-0.125111,0.017334
135,60,-0.246141,0.0231934
150,60,-0.350396,0.027832
165,60,-0.430773,0.03125
