time 35 position -43.6863 -10.1024  2.33878 velocity 0 0 0 intent   1.84304 -0.776667         0 envelope 0.58
known_body_plus 0 1
known_body_plus 0.005 0
known_body_plus 0.01 0
known_body_plus 0.02 0
known_body_plus 0.03 0
evidence history 16 current 4 pending 18 reached 128 previous_command 0 0 0 proposal 0 0 0
view 0 stamp 34.9667 revoked 0 origin -43.4868 -10.1952  2.35878
view 1 stamp 34.9167 revoked 0 origin -43.5935 -9.90169  2.35879
view 2 stamp 34.9 revoked 0 origin -43.8858  -10.008   2.3588
view 3 stamp 34.9333 revoked 0 origin  -43.779 -10.3012  2.35879
view 3 stamp 15.4667 revoked 0 origin -61.9091 -9.84549  2.70617
view 0 stamp 16.4833 revoked 0 origin -59.7136 -9.26846  2.70617
view 1 stamp 17.5 revoked 0 origin -57.9318 -8.69875  2.70617
view 2 stamp 17.5 revoked 0 origin -58.1509 -8.91965  2.70617
view 2 stamp 21.5 revoked 0 origin -50.2562 -8.60917  2.37464
view 3 stamp 21.5667 revoked 0 origin -49.9043 -8.85155  2.37477
view 0 stamp 24.5167 revoked 0 origin -44.1759 -9.94774  2.31026
view 3 stamp 24.5833 revoked 0 origin -44.3148 -10.1905  2.31551
view 1 stamp 25.5 revoked 0 origin -43.7343 -9.90946  2.35355
view 2 stamp 25.5 revoked 0 origin -43.9534 -10.1304  2.35355
view 0 stamp 25.5167 revoked 0 origin -43.5118  -10.129  2.35365
view 3 stamp 25.5833 revoked 0 origin -43.7277 -10.3508  2.35386
view 1 stamp 34.2167 revoked 0 origin -43.6626 -9.87234  2.35804
view 3 stamp 34.2167 revoked 0 origin   -43.71 -10.3098  2.35804
view 0 stamp 34.2667 revoked 0 origin -43.4696  -10.129  2.35804
view 2 stamp 34.3 revoked 0 origin -43.9011 -10.0437  2.35804
motion_scale 0 current 1 saved_certificate 1
motion_scale 0.5 current 1 saved_certificate 1
motion_scale 1 current 1 saved_certificate 1
yaw_deg,pitch_deg,intent_cosine,prefix_m
-180,-60,-0.460759,0.041748
-165,-60,-0.394805,0.0400391
-150,-60,-0.301946,0.036377
-135,-60,-0.18851,0.03125
-120,-60,-0.0622264,0.0251465
-105,-60,0.0682974,0.019043
-90,-60,0.194167,0.013916
-75,-60,0.306804,0.0100098
-60,-60,0.398533,0.00756836
-45,-60,0.463103,0.00634766
-30,-60,0.496113,0.00561523
-15,-60,0.495314,0.00512695
0,-60,0.460759,0.00512695
15,-60,0.394805,0.00537109
30,-60,0.301946,0.00610352
45,-60,0.18851,0.00732422
60,-60,0.0622264,0.00927734
75,-60,-0.0682974,0.0126953
90,-60,-0.194167,0.0175781
105,-60,-0.306804,0.0236816
120,-60,-0.398533,0.0297852
135,-60,-0.463103,0.0351562
150,-60,-0.496113,0.0393066
165,-60,-0.495314,0.0415039
-180,-30,-0.798059,0.0786133
-165,-30,-0.683823,0.0595703
-150,-30,-0.522986,0.0527344
-135,-30,-0.326508,0.0432129
-120,-30,-0.107779,0.0319824
-105,-30,0.118294,0.0205078
-90,-30,0.336307,0.0117188
-75,-30,0.5314,0.00708008
-60,-30,0.69028,0.00488281
-45,-30,0.802118,0.00366211
-30,-30,0.859293,0.00317383
-15,-30,0.857908,0.00292969
0,-30,0.798059,0.00292969
15,-30,0.683823,0.00317383
30,-30,0.522986,0.00366211
45,-30,0.326508,0.00439453
60,-30,0.107779,0.00634766
75,-30,-0.118294,0.0102539
90,-30,-0.336307,0.0180664
105,-30,-0.5314,0.0290527
120,-30,-0.69028,0.0405273
135,-30,-0.802118,0.0505371
150,-30,-0.859293,0.0644531
165,-30,-0.857908,0.0803223
-180,0,-0.921519,0.175781
-165,0,-0.789611,0.0837402
-150,0,-0.603892,0.0571289
-135,0,-0.377019,0.0461426
-120,0,-0.124453,0.0327148
-105,0,0.136595,0.0197754
-90,0,0.388334,0.0102539
-75,0,0.613608,0.00585938
-60,0,0.797066,0.00390625
-45,0,0.926206,0.00317383
-30,0,0.992226,0.00268555
-15,0,0.990627,0.00244141
0,0,0.921519,0.00244141
15,0,0.789611,0.00268555
30,0,0.603892,0.00292969
45,0,0.377019,0.00366211
60,0,0.124453,0.00537109
75,0,-0.136595,0.00878906
90,0,-0.388334,0.0168457
105,0,-0.613608,0.029541
120,0,-0.797066,0.0429688
135,0,-0.926206,0.0546875
150,0,-0.992226,0.10791
165,0,-0.990627,0.376465
-180,30,-0.798059,0.0578613
-165,30,-0.683823,0.0546875
-150,30,-0.522986,0.0480957
-135,30,-0.326508,0.0385742
-120,30,-0.107779,0.0275879
-105,30,0.118294,0.0170898
-90,30,0.336307,0.00976562
-75,30,0.5314,0.00610352
-60,30,0.69028,0.00415039
-45,30,0.802118,0.00341797
-30,30,0.859293,0.00292969
-15,30,0.857908,0.00268555
0,30,0.798059,0.00268555
15,30,0.683823,0.00292969
30,30,0.522986,0.00317383
45,30,0.326508,0.00390625
60,30,0.107779,0.00537109
75,30,-0.118294,0.00854492
90,30,-0.336307,0.0148926
105,30,-0.5314,0.0249023
120,30,-0.69028,0.0358887
135,30,-0.802118,0.0458984
150,30,-0.859293,0.0532227
165,30,-0.857908,0.057373
-180,60,-0.460759,0.0339355
-165,60,-0.394805,0.0322266
-150,60,-0.301946,0.0288086
-135,60,-0.18851,0.0239258
-120,60,-0.0622264,0.0185547
-105,60,0.0682974,0.0136719
-90,60,0.194167,0.0100098
-75,60,0.306804,0.00732422
-60,60,0.398533,0.00585938
-45,60,0.463103,0.00488281
-30,60,0.496113,0.00439453
-15,60,0.495314,0.00415039
0,60,0.460759,0.00415039
15,60,0.394805,0.00439453
30,60,0.301946,0.00463867
45,60,0.18851,0.00561523
60,60,0.0622264,0.00683594
75,60,-0.0682974,0.0090332
90,60,-0.194167,0.0126953
105,60,-0.306804,0.017334
120,60,-0.398533,0.0227051
135,60,-0.463103,0.0275879
150,60,-0.496113,0.0314941
165,60,-0.495314,0.0336914
