time 210.5 position 28.0807 3.09413 1.48218 velocity 0 0 0 intent   1.94969  0.439985 0.0715311 envelope 0.58
known_body_plus 0 1
known_body_plus 0.005 0
known_body_plus 0.01 0
known_body_plus 0.02 0
known_body_plus 0.03 0
evidence history 16 current 4 pending 17 reached 128 previous_command 0 0 0 proposal 0 0 0
view 0 stamp 210.45 revoked 0 origin 28.2953 3.14256 1.50218
view 1 stamp 210.433 revoked 0 origin 28.0323 3.30873 1.50218
view 2 stamp 210.45 revoked 0 origin 27.8661  3.0457 1.50218
view 3 stamp 210.467 revoked 0 origin 28.1292 2.87952 1.50218
view 3 stamp 6.01667 revoked 0 origin -58.5286 -10.2867   2.6183
view 0 stamp 6.01667 revoked 0 origin -58.3494 -10.0323   2.6183
view 1 stamp 6.03333 revoked 0 origin -58.5716 -9.84478  2.61832
view 3 stamp 10.0167 revoked 0 origin -50.6497 -9.19122   2.5036
view 2 stamp 10.0333 revoked 0 origin -50.8718 -9.01488  2.50818
view 1 stamp 18.0333 revoked 0 origin -35.6691 -6.04931  4.10204
view 0 stamp 35.0667 revoked 0 origin  -2.85677 -0.713458   2.04148
view 0 stamp 45.1 revoked 0 origin  16.7873 0.808792  2.52232
view 1 stamp 50.0333 revoked 0 origin 26.0545 2.85968 1.43661
view 1 stamp 51.0333 revoked 0 origin  27.606 3.20991 1.48789
view 0 stamp 51.1 revoked 0 origin 27.9321 3.05798 1.48999
view 3 stamp 51.1167 revoked 0 origin 27.7809 2.79831 1.49049
view 1 stamp 52.0333 revoked 0 origin 28.0246 3.30526 1.50273
view 0 stamp 52.1 revoked 0 origin 28.2887 3.14021 1.50312
view 2 stamp 52.1167 revoked 0 origin 27.8597  3.0436 1.50307
view 3 stamp 52.1167 revoked 0 origin 28.1228 2.87743 1.50307
motion_scale 0 current 1 saved_certificate 1
motion_scale 0.5 current 1 saved_certificate 1
motion_scale 1 current 1 saved_certificate 1
yaw_deg,pitch_deg,intent_cosine,prefix_m
-180,-60,-0.518397,0.0314941
-165,-60,-0.530257,0.0327148
-150,-60,-0.508093,0.0322266
-135,-60,-0.453413,0.0297852
-120,-60,-0.369945,0.026123
-105,-60,-0.263376,0.0214844
-90,-60,-0.14097,0.0161133
-75,-60,-0.0110678,0.0114746
-60,-60,0.117478,0.0078125
-45,-60,0.235907,0.00561523
-30,-60,0.336149,0.00439453
-15,-60,0.411371,0.00366211
0,-60,0.456449,0.00317383
15,-60,0.46831,0.00317383
30,-60,0.446145,0.00317383
45,-60,0.391465,0.00341797
60,-60,0.307997,0.00415039
75,-60,0.201429,0.00512695
90,-60,0.0790224,0.00683594
105,-60,-0.0508799,0.00976562
120,-60,-0.179426,0.0141602
135,-60,-0.297855,0.0192871
150,-60,-0.398096,0.0244141
165,-60,-0.473319,0.0285645
-180,-30,-0.862124,0.0493164
-165,-30,-0.882667,0.0515137
-150,-30,-0.844277,0.0505371
-135,-30,-0.749569,0.0463867
-120,-30,-0.604998,0.0395508
-105,-30,-0.420416,0.0305176
-90,-30,-0.208402,0.0205078
-75,-30,0.0165955,0.0114746
-60,-30,0.239243,0.00610352
-45,-30,0.444368,0.00366211
-30,-30,0.617992,0.00268555
-15,-30,0.748282,0.00219727
0,-30,0.826358,0.00195312
15,-30,0.846902,0.00170898
30,-30,0.808511,0.00195312
45,-30,0.713803,0.00195312
60,-30,0.569232,0.00244141
75,-30,0.38465,0.00317383
90,-30,0.172636,0.00488281
105,-30,-0.052361,0.0090332
120,-30,-0.275009,0.0168457
135,-30,-0.480134,0.0268555
150,-30,-0.653757,0.036377
165,-30,-0.784047,0.0441895
-180,0,-0.974846,0.0554199
-165,0,-0.998567,0.0578613
-150,0,-0.954237,0.0566406
-135,0,-0.844878,0.052002
-120,0,-0.677942,0.0439453
-105,0,-0.464805,0.0334473
-90,0,-0.219993,0.0217285
-75,0,0.0398121,0.0112305
-60,0,0.296904,0.00537109
-45,0,0.533762,0.00317383
-30,0,0.734245,0.00219727
-15,0,0.88469,0.00195312
0,0,0.974846,0.00170898
15,0,0.998567,0.00146484
30,0,0.954237,0.00170898
45,0,0.844878,0.00170898
60,0,0.677942,0.00219727
75,0,0.464805,0.00268555
90,0,0.219993,0.00439453
105,0,-0.0398121,0.00854492
120,0,-0.296904,0.017334
135,0,-0.533762,0.0290527
150,0,-0.734245,0.0400391
165,0,-0.88469,0.0493164
-180,30,-0.826358,0.0473633
-165,30,-0.846902,0.0495605
-150,30,-0.808511,0.048584
-135,30,-0.713803,0.0446777
-120,30,-0.569232,0.0375977
-105,30,-0.38465,0.0288086
-90,30,-0.172636,0.019043
-75,30,0.052361,0.010498
-60,30,0.275009,0.00561523
-45,30,0.480134,0.00341797
-30,30,0.653757,0.00244141
-15,30,0.784047,0.00219727
0,30,0.862124,0.00195312
15,30,0.882667,0.00170898
30,30,0.844277,0.00170898
45,30,0.749569,0.00195312
60,30,0.604998,0.00244141
75,30,0.420416,0.00292969
90,30,0.208402,0.00463867
105,30,-0.0165955,0.00830078
120,30,-0.239243,0.0153809
135,30,-0.444368,0.0251465
150,30,-0.617992,0.0344238
165,30,-0.748282,0.0422363
-180,60,-0.456449,0.0285645
-165,60,-0.46831,0.029541
-150,60,-0.446145,0.0290527
-135,60,-0.391465,0.0268555
-120,60,-0.307997,0.0231934
-105,60,-0.201429,0.0187988
-90,60,-0.0790224,0.013916
-75,60,0.0508799,0.00952148
-60,60,0.179426,0.0065918
-45,60,0.297855,0.00488281
-30,60,0.398096,0.00390625
-15,60,0.473319,0.00317383
0,60,0.518397,0.00292969
15,60,0.530257,0.00292969
30,60,0.508093,0.00292969
45,60,0.453413,0.00317383
60,60,0.369945,0.00366211
75,60,0.263376,0.00439453
90,60,0.14097,0.00585938
105,60,0.0110678,0.00830078
120,60,-0.117478,0.012207
135,60,-0.235907,0.0168457
150,60,-0.336149,0.0217285
165,60,-0.411371,0.0256348
{"status":"NO_REGULAR_FIELD","reason":"NO_CERTIFIED_DIRECTION","accepted":false,"command":[0,0,0],"required_prefix":0.01,"best_prefix":0,"free_directions":0,"refined":false,"command_changed":true,"intent_change_angle":0,"reset_reason":"","continued":false}
