time 149 position 29.4118  8.9016 4.55183 velocity 0 0 0 intent   1.99306  0.132439 -0.100945 envelope 0.58
known_body_plus 0 1
known_body_plus 0.005 0
known_body_plus 0.01 0
known_body_plus 0.02 0
known_body_plus 0.03 0
yaw_deg,pitch_deg,intent_cosine,prefix_m
-180,-60,-0.454554,0.0410156
-165,-60,-0.446145,0.0202637
-150,-60,-0.404354,0.00244141
-135,-60,-0.332028,0.0012207
-120,-60,-0.234096,0.000732422
-105,-60,-0.117231,0.000488281
-90,-60,0.0106005,0.000488281
-75,-60,0.140689,0.000244141
-60,-60,0.264168,0.000244141
-45,-60,0.372624,0.000244141
-30,-60,0.458665,0.000244141
-15,-60,0.516427,0.000244141
0,-60,0.541974,0.000244141
15,-60,0.533566,0.000244141
30,-60,0.491774,0.000244141
45,-60,0.419448,0.000244141
60,-60,0.321516,0.000244141
75,-60,0.204652,0.000244141
90,-60,0.0768202,0.000488281
105,-60,-0.0532682,0.000732422
120,-60,-0.176748,0.0012207
135,-60,-0.285203,0.00195312
150,-60,-0.371244,0.0161133
165,-60,-0.429006,0.0349121
-180,-30,-0.837782,0.00317383
-165,-30,-0.823218,0.00195312
-150,-30,-0.750834,0.000976562
-135,-30,-0.625561,0.000732422
-120,-30,-0.455938,0.000488281
-105,-30,-0.253523,0.000244141
-90,-30,-0.0321117,0.000244141
-75,-30,0.193208,0
-60,-30,0.407081,0
-45,-30,0.594931,0
-30,-30,0.743958,0
-15,-30,0.844005,0
0,-30,0.888254,0
15,-30,0.873691,0
30,-30,0.801306,0
45,-30,0.676033,0
60,-30,0.50641,0
75,-30,0.303996,0.000244141
90,-30,0.0825841,0.000244141
105,-30,-0.142736,0.000244141
120,-30,-0.356608,0.000488281
135,-30,-0.544459,0.000976562
150,-30,-0.693486,0.00170898
165,-30,-0.793533,0.00292969
-180,0,-0.996528,0.000488281
-165,0,-0.979711,0.000488281
-150,0,-0.896128,0.000244141
-135,0,-0.751476,0.000244141
-120,0,-0.555612,0.000244141
-105,0,-0.321884,0
-90,0,-0.0662197,0
-75,0,0.193957,0
-60,0,0.440916,0
-45,0,0.657827,0
-30,0,0.829908,0
-15,0,0.945433,0
0,0,0.996528,0
15,0,0.979711,0
30,0,0.896128,0
45,0,0.751476,0
60,0,0.555612,0
75,0,0.321884,0
90,0,0.0662197,0
105,0,-0.193957,0.000244141
120,0,-0.440916,0.000244141
135,0,-0.657827,0.000244141
150,0,-0.829908,0.000244141
165,0,-0.945433,0.000488281
-180,30,-0.888254,0
-165,30,-0.873691,0
-150,30,-0.801306,0
-135,30,-0.676033,0
-120,30,-0.50641,0
-105,30,-0.303996,0
-90,30,-0.0825841,0
-75,30,0.142736,0
-60,30,0.356608,0
-45,30,0.544459,0
-30,30,0.693486,0
-15,30,0.793533,0
0,30,0.837782,0
15,30,0.823218,0
30,30,0.750834,0
45,30,0.625561,0
60,30,0.455938,0
75,30,0.253523,0
90,30,0.0321117,0
105,30,-0.193208,0
120,30,-0.407081,0
135,30,-0.594931,0.000244141
150,30,-0.743958,0.000244141
165,30,-0.844005,0
-180,60,-0.541974,0
-165,60,-0.533566,0
-150,60,-0.491774,0
-135,60,-0.419448,0
-120,60,-0.321516,0
-105,60,-0.204652,0
-90,60,-0.0768202,0
-75,60,0.0532682,0
-60,60,0.176748,0
-45,60,0.285203,0
-30,60,0.371244,0
-15,60,0.429006,0
0,60,0.454554,0
15,60,0.446145,0
30,60,0.404354,0
45,60,0.332028,0
60,60,0.234096,0
75,60,0.117231,0
90,60,-0.0106005,0
105,60,-0.140689,0
120,60,-0.264168,0
135,60,-0.372624,0
150,60,-0.458665,0
165,60,-0.516427,0
