time 217.583 position -48.3812 -6.92919  3.20462 velocity 0 0 0 intent     1.97446    0.318517 -0.00710889 envelope 0.58
known_body_plus 0 1
known_body_plus 0.005 1
known_body_plus 0.01 1
known_body_plus 0.02 0
known_body_plus 0.03 0
yaw_deg,pitch_deg,intent_cosine,prefix_m
-180,-60,-0.490537,0.5
-165,-60,-0.494327,0.5
-150,-60,-0.46422,0.5
-135,-60,-0.402267,0.5
-120,-60,-0.31269,0.5
-105,-60,-0.201595,0.5
-90,-60,-0.0765511,0.5
-75,-60,0.0539192,0.5
-60,-60,0.180925,0.398926
-45,-60,0.29581,0.359131
-30,-60,0.390747,0.134521
-15,-60,0.459264,0.0488281
0,-60,0.496693,0.0427246
15,-60,0.500484,0.0422363
30,-60,0.470376,0.046875
45,-60,0.408423,0.0625
60,-60,0.318847,0.156982
75,-60,0.207751,0.217041
90,-60,0.0827076,0.5
105,-60,-0.0477627,0.5
120,-60,-0.174768,0.5
135,-60,-0.289654,0.5
150,-60,-0.38459,0.5
165,-60,-0.453108,0.5
-180,-30,-0.853189,0.5
-165,-30,-0.859754,0.5
-150,-30,-0.807607,0.5
-135,-30,-0.700301,0.5
-120,-30,-0.54515,0.5
-105,-30,-0.352727,0.5
-90,-30,-0.136145,0.5
-75,-30,0.0898364,0.5
-60,-30,0.309817,0.0500488
-45,-30,0.508804,0.0290527
-30,-30,0.673239,0.0217285
-15,-30,0.791915,0.0183105
0,-30,0.856744,0.0168457
15,-30,0.863308,0.0168457
30,-30,0.811161,0.0178223
45,-30,0.703856,0.020752
60,-30,0.548705,0.0273438
75,-30,0.356281,0.0458984
90,-30,0.139699,0.322266
105,-30,-0.0862819,0.5
120,-30,-0.306262,0.5
135,-30,-0.50525,0.5
150,-30,-0.669685,0.5
165,-30,-0.78836,0.5
-180,0,-0.98723,0.5
-165,0,-0.994811,0.5
-150,0,-0.934596,0.5
-135,0,-0.81069,0.5
-120,0,-0.631537,0.5
-105,0,-0.409346,0.5
-90,0,-0.159259,0.5
-75,0,0.101682,0.0563965
-60,0,0.355693,0.0280762
-45,0,0.585464,0.0192871
-30,0,0.775337,0.0151367
-15,0,0.912372,0.0131836
0,0,0.98723,0.0124512
15,0,0.994811,0.012207
30,0,0.934596,0.0129395
45,0,0.81069,0.0146484
60,0,0.631537,0.0183105
75,0,0.409346,0.026123
90,0,0.159259,0.0527344
105,0,-0.101682,0.5
120,0,-0.355693,0.5
135,0,-0.585464,0.5
150,0,-0.775337,0.5
165,0,-0.912372,0.5
-180,30,-0.856744,0.5
-165,30,-0.863308,0.5
-150,30,-0.811161,0.5
-135,30,-0.703856,0.5
-120,30,-0.548705,0.5
-105,30,-0.356281,0.5
-90,30,-0.139699,0.5
-75,30,0.0862819,0.0358887
-60,30,0.306262,0.0229492
-45,30,0.50525,0.017334
-30,30,0.669685,0.0144043
-15,30,0.78836,0.0126953
0,30,0.853189,0.0119629
15,30,0.859754,0.0119629
30,30,0.807607,0.0124512
45,30,0.700301,0.013916
60,30,0.54515,0.0166016
75,30,0.352727,0.0217285
90,30,0.136145,0.0332031
105,30,-0.0898364,0.5
120,30,-0.309817,0.5
135,30,-0.508804,0.5
150,30,-0.673239,0.5
165,30,-0.791915,0.5
-180,60,-0.496693,0.5
-165,60,-0.500484,0.5
-150,60,-0.470376,0.5
-135,60,-0.408423,0.5
-120,60,-0.318847,0.5
-105,60,-0.207751,0.158691
-90,60,-0.0827076,0.043457
-75,60,0.0477627,0.0322266
-60,60,0.174768,0.0244141
-45,60,0.289654,0.0197754
-30,60,0.38459,0.017334
-15,60,0.453108,0.0161133
0,60,0.490537,0.0153809
15,60,0.494327,0.0153809
30,60,0.46422,0.0158691
45,60,0.402267,0.0170898
60,60,0.31269,0.0192871
75,60,0.201595,0.0229492
90,60,0.0765511,0.0302734
105,60,-0.0539192,0.0405273
120,60,-0.180925,0.144775
135,60,-0.29581,0.5
150,60,-0.390747,0.5
165,60,-0.459264,0.5
0.40 seconds
