time 55.45 position  -59.3937 -0.187828   4.13345 velocity 0 0 0 intent  0 -1  0 envelope 0.58
known_body_plus 0 1
known_body_plus 0.005 0
known_body_plus 0.01 0
known_body_plus 0.02 0
known_body_plus 0.03 0
yaw_deg,pitch_deg,intent_cosine,prefix_m
-180,-60,6.12323e-17,0.101807
-165,-60,0.12941,0.0834961
-150,-60,0.25,0.0666504
-135,-60,0.353553,0.0522461
-120,-60,0.433013,0.041748
-105,-60,0.482963,0.0351562
-90,-60,0.5,0.0324707
-75,-60,0.482963,0.0339355
-60,-60,0.433013,0.0393066
-45,-60,0.353553,0.0488281
-30,-60,0.25,0.0622559
-15,-60,0.12941,0.0786133
0,-60,0,0.0964355
15,-60,-0.12941,0.11499
30,-60,-0.25,0.132324
45,-60,-0.353553,0.147705
60,-60,-0.433013,0.159424
75,-60,-0.482963,0.16748
90,-60,-0.5,0.17041
105,-60,-0.482963,0.168701
120,-60,-0.433013,0.162109
135,-60,-0.353553,0.151367
150,-60,-0.25,0.136963
165,-60,-0.12941,0.120117
-180,-30,1.06058e-16,0.0646973
-165,-30,0.224144,0.0356445
-150,-30,0.433013,0.0153809
-135,-30,0.612372,0.00756836
-120,-30,0.75,0.00512695
-105,-30,0.836516,0.00415039
-90,-30,0.866025,0.00366211
-75,-30,0.836516,0.00390625
-60,-30,0.75,0.00463867
-45,-30,0.612372,0.0065918
-30,-30,0.433013,0.012207
-15,-30,0.224144,0.0285645
0,-30,0,0.0559082
15,-30,-0.224144,0.0869141
30,-30,-0.433013,0.116699
45,-30,-0.612372,0.143066
60,-30,-0.75,0.163818
75,-30,-0.836516,0.182861
90,-30,-0.866025,0.19165
105,-30,-0.836516,0.186523
120,-30,-0.75,0.169434
135,-30,-0.612372,0.149658
150,-30,-0.433013,0.124756
165,-30,-0.224144,0.0957031
-180,0,1.22465e-16,0.0197754
-165,0,0.258819,0.00708008
-150,0,0.5,0.00390625
-135,0,0.707107,0.00268555
-120,0,0.866025,0.00219727
-105,0,0.965926,0.00195312
-90,0,1,0.00195312
-75,0,0.965926,0.00195312
-60,0,0.866025,0.00219727
-45,0,0.707107,0.00244141
-30,0,0.5,0.00341797
-15,0,0.258819,0.00585938
0,0,0,0.0144043
15,0,-0.258819,0.0395508
30,0,-0.5,0.0717773
45,0,-0.707107,0.101562
60,0,-0.866025,0.125244
75,0,-0.965926,0.253174
90,0,-1,0.29126
105,0,-0.965926,0.264893
120,0,-0.866025,0.195801
135,0,-0.707107,0.108887
150,0,-0.5,0.0808105
165,0,-0.258819,0.048584
-180,30,1.06058e-16,0.00512695
-165,30,0.224144,0.00317383
-150,30,0.433013,0.00244141
-135,30,0.612372,0.00195312
-120,30,0.75,0.00170898
-105,30,0.836516,0.00146484
-90,30,0.866025,0.00146484
-75,30,0.836516,0.00146484
-60,30,0.75,0.00170898
-45,30,0.612372,0.00170898
-30,30,0.433013,0.00219727
-15,30,0.224144,0.00292969
0,30,0,0.00439453
15,30,-0.224144,0.00805664
30,30,-0.433013,0.0185547
45,30,-0.612372,0.0373535
60,30,-0.75,0.0559082
75,30,-0.836516,0.0686035
90,30,-0.866025,0.0737305
105,30,-0.836516,0.0708008
120,30,-0.75,0.0603027
135,30,-0.612372,0.0429688
150,30,-0.433013,0.0234375
165,30,-0.224144,0.0100098
-180,60,6.12323e-17,0.00292969
-165,60,0.12941,0.00244141
-150,60,0.25,0.00195312
-135,60,0.353553,0.00170898
-120,60,0.433013,0.00170898
-105,60,0.482963,0.00170898
-90,60,0.5,0.00146484
-75,60,0.482963,0.00146484
-60,60,0.433013,0.00170898
-45,60,0.353553,0.00170898
-30,60,0.25,0.00195312
-15,60,0.12941,0.00219727
0,60,0,0.00268555
15,60,-0.12941,0.00341797
30,60,-0.25,0.00415039
45,60,-0.353553,0.00537109
60,60,-0.433013,0.00683594
75,60,-0.482963,0.00805664
90,60,-0.5,0.00878906
105,60,-0.482963,0.00830078
120,60,-0.433013,0.00708008
135,60,-0.353553,0.00585938
150,60,-0.25,0.00439453
165,60,-0.12941,0.00366211
