time 58.1167 position -56.4173 -14.6203  1.66716 velocity 0 0 0 intent -1.8 -0.2    0 envelope 0.58
known_body_plus 0 1
known_body_plus 0.005 1
known_body_plus 0.01 1
known_body_plus 0.02 1
known_body_plus 0.03 0
evidence history 16 current 4 pending 19 reached 128 previous_command 0 0 0 proposal 0 0 0
view 0 stamp 58.0667 revoked 0 origin -56.5868   -14.48  1.68716
view 1 stamp 58.0167 revoked 0 origin -56.5546 -14.7922  1.68716
view 2 stamp 58.0833 revoked 0 origin -56.2487 -14.7616  1.68716
view 3 stamp 58.05 revoked 0 origin  -56.278 -14.4501  1.68716
view 1 stamp 28.6167 revoked 0 origin  -18.583 -9.99083  2.47987
view 3 stamp 49.65 revoked 0 origin  -46.262 -13.9443  3.58535
view 3 stamp 50.65 revoked 0 origin  -47.961 -14.5787  3.60305
view 3 stamp 51.65 revoked 0 origin -49.6845 -15.0148   3.3539
view 3 stamp 52.65 revoked 0 origin -51.3508 -15.4433  2.91478
view 3 stamp 53.65 revoked 0 origin -52.9664 -15.9432  2.44665
view 3 stamp 54.65 revoked 0 origin -54.4948 -16.0454  2.01779
view 0 stamp 55.6667 revoked 0 origin -55.8782 -15.4572  1.77162
view 3 stamp 55.65 revoked 0 origin -55.6788 -15.2207  1.77395
view 1 stamp 56.6167 revoked 0 origin -56.2886 -15.0952  1.69034
view 3 stamp 56.65 revoked 0 origin -56.2144 -14.6518  1.68975
view 0 stamp 56.6667 revoked 0 origin -56.4771 -14.8178  1.68952
view 0 stamp 57.7667 revoked 0 origin -56.6005 -14.4986  1.68716
view 1 stamp 57.8167 revoked 0 origin -56.5423 -14.8014  1.68716
view 3 stamp 57.85 revoked 0 origin -56.2902 -14.4408  1.68716
view 2 stamp 58.0833 revoked 0 origin -56.2487 -14.7616  1.68716
motion_scale 0 current 1 saved_certificate 1
motion_scale 0.5 current 1 saved_certificate 1
motion_scale 1 current 1 saved_certificate 1
surface_sample_missing 0.01 0/312
uncovered_surface 0.1 offset   -0.502295 6.15134e-17       -0.29
surface_sample_missing 0.1 1/312
uncovered_surface 0.3 offset       -0.29 3.55148e-17   -0.502295
uncovered_surface 0.3 offset   -0.410122 5.02255e-17   -0.410122
uncovered_surface 0.3 offset -0.396147 -0.106147 -0.410122
surface_sample_missing 0.3 14/312
yaw_deg,pitch_deg,intent_cosine,prefix_m
-180,-60,0.496942,0.029541
-165,-60,0.4943,0.0341797
-150,-60,0.457972,0.0319824
-135,-60,0.390434,0.0317383
-120,-60,0.296289,0.0336914
-105,-60,0.181952,0.0366211
-90,-60,0.0552158,0.0432129
-75,-60,-0.0752837,0.0432129
-60,-60,-0.200653,0.0444336
-45,-60,-0.312348,0.0461426
-30,-60,-0.402756,0.249268
-15,-60,-0.465718,0.5
0,-60,-0.496942,0.5
15,-60,-0.4943,0.5
30,-60,-0.457972,0.217041
45,-60,-0.390434,0.133789
60,-60,-0.296289,0.0432129
75,-60,-0.181952,0.0351562
90,-60,-0.0552158,0.0336914
105,-60,0.0752837,0.0317383
120,-60,0.200653,0.0302734
135,-60,0.312348,0.0292969
150,-60,0.402756,0.0288086
165,-60,0.465718,0.0275879
-180,-30,0.860729,0.0256348
-165,-30,0.856152,0.0263672
-150,-30,0.793231,0.0292969
-135,-30,0.676252,0.034668
-120,-30,0.513188,0.0456543
-105,-30,0.315151,0.0505371
-90,-30,0.0956365,0.0544434
-75,-30,-0.130395,0.0678711
-60,-30,-0.347541,0.5
-45,-30,-0.541002,0.5
-30,-30,-0.697595,0.5
-15,-30,-0.806647,0.5
0,-30,-0.860729,0.5
15,-30,-0.856152,0.5
30,-30,-0.793231,0.5
45,-30,-0.676252,0.5
60,-30,-0.513188,0.5
75,-30,-0.315151,0.0725098
90,-30,-0.0956365,0.0561523
105,-30,0.130395,0.0493164
120,-30,0.347541,0.0454102
135,-30,0.541002,0.0344238
150,-30,0.697595,0.0292969
165,-30,0.806647,0.0266113
-180,0,0.993884,0.0231934
-165,0,0.9886,0.0244141
-150,0,0.915944,0.0266113
-135,0,0.780869,0.0305176
-120,0,0.592578,0.0407715
-105,0,0.363905,0.0654297
-90,0,0.110432,0.15918
-75,0,-0.150567,0.5
-60,0,-0.401305,0.5
-45,0,-0.624695,0.5
-30,0,-0.805513,0.5
-15,0,-0.931436,0.5
0,0,-0.993884,0.5
15,0,-0.9886,0.5
30,0,-0.915944,0.5
45,0,-0.780869,0.5
60,0,-0.592578,0.5
75,0,-0.363905,0.5
90,0,-0.110432,0.5
105,0,0.150567,0.0656738
120,0,0.401305,0.0405273
135,0,0.624695,0.0307617
150,0,0.805513,0.0258789
165,0,0.931436,0.0234375
-180,30,0.860729,0.0256348
-165,30,0.856152,0.0266113
-150,30,0.793231,0.0292969
-135,30,0.676252,0.034668
-120,30,0.513188,0.0458984
-105,30,0.315151,0.0805664
-90,30,0.0956365,0.183838
-75,30,-0.130395,0.5
-60,30,-0.347541,0.5
-45,30,-0.541002,0.5
-30,30,-0.697595,0.5
-15,30,-0.806647,0.5
0,30,-0.860729,0.5
15,30,-0.856152,0.5
30,30,-0.793231,0.5
45,30,-0.676252,0.5
60,30,-0.513188,0.5
75,30,-0.315151,0.5
90,30,-0.0956365,0.5
105,30,0.130395,0.5
120,30,0.347541,0.048584
135,30,0.541002,0.034668
150,30,0.697595,0.029541
165,30,0.806647,0.0266113
-180,60,0.496942,0.0612793
-165,60,0.4943,0.0690918
-150,60,0.457972,0.133545
-135,60,0.390434,0.15332
-120,60,0.296289,0.187744
-105,60,0.181952,0.181396
-90,60,0.0552158,0.316162
-75,60,-0.0752837,0.5
-60,60,-0.200653,0.5
-45,60,-0.312348,0.5
-30,60,-0.402756,0.5
-15,60,-0.465718,0.5
0,60,-0.496942,0.5
15,60,-0.4943,0.5
30,60,-0.457972,0.5
45,60,-0.390434,0.5
60,60,-0.296289,0.5
75,60,-0.181952,0.5
90,60,-0.0552158,0.5
105,60,0.0752837,0.5
120,60,0.200653,0.5
135,60,0.312348,0.5
150,60,0.402756,0.5
165,60,0.465718,0.0600586
{"status":"TARGET_HOLD","reason":"READY","accepted":true,"command":[-0.045803080616516334,0.069106214487453077,0.086754878394537771],"required_prefix":0.01,"best_prefix":1.7955282887686534,"free_directions":11,"refined":false,"command_changed":false,"intent_change_angle":0,"reset_reason":"CONTINUATION_INFEASIBLE","continued":false}
