time 58.35 position -51.2925 -9.63353  1.89628 velocity 0 0 0 intent -1.8 -0.2    0 envelope 0.58
known_body_plus 0 1
known_body_plus 0.005 1
known_body_plus 0.01 0
known_body_plus 0.02 0
known_body_plus 0.03 0
evidence history 16 current 4 pending 19 reached 128 previous_command 0 0 0 proposal 0 0 0
view 0 stamp 58.3333 revoked 0 origin -51.4482 -9.47804  1.91628
view 1 stamp 58.2833 revoked 0 origin -51.4453 -9.79186  1.91628
view 2 stamp 58.2667 revoked 0 origin -51.1333 -9.78535  1.91628
view 3 stamp 58.25 revoked 0 origin -51.1416 -9.47342  1.91628
view 3 stamp 34.8 revoked 0 origin -39.9346  -8.7083  2.10813
view 0 stamp 35.8333 revoked 0 origin -41.7232 -9.14768  2.10813
view 0 stamp 36.8333 revoked 0 origin -43.5694 -9.27578  2.10813
view 0 stamp 37.8333 revoked 0 origin -45.3953 -9.35289  2.10813
view 0 stamp 38.8333 revoked 0 origin -47.1954 -9.41857  2.10813
view 0 stamp 39.8333 revoked 0 origin -48.9671 -9.50629  2.09098
view 1 stamp 40.8333 revoked 0 origin -50.5384 -9.78876  1.98107
view 0 stamp 40.8333 revoked 0 origin -50.4896 -9.48149  1.98107
view 2 stamp 43.7667 revoked 0 origin -51.3353  -9.8564  1.91021
view 0 stamp 48.0333 revoked 0 origin -51.0604 -9.71378  1.91291
view 1 stamp 48.2333 revoked 0 origin -51.1852 -9.44091  1.91291
view 3 stamp 55.1333 revoked 0 origin -51.3488 -9.43303  1.91396
view 0 stamp 57.1333 revoked 0 origin  -51.485 -9.56092  1.91439
view 2 stamp 57.2667 revoked 0 origin -51.0779 -9.72745  1.91439
view 3 stamp 57.25 revoked 0 origin -51.1927  -9.4373  1.91439
view 3 stamp 58.25 revoked 0 origin -51.1416 -9.47342  1.91628
motion_scale 0 current 1 saved_certificate 1
motion_scale 0.5 current 1 saved_certificate 1
motion_scale 1 current 1 saved_certificate 1
surface_sample_missing 0.01 0/312
surface_sample_missing 0.1 0/312
surface_sample_missing 0.3 0/312
yaw_deg,pitch_deg,intent_cosine,prefix_m
-180,-60,0.496942,0.5
-165,-60,0.4943,0.0458984
-150,-60,0.457972,0.0441895
-135,-60,0.390434,0.0251465
-120,-60,0.296289,0.0253906
-105,-60,0.181952,0.0270996
-90,-60,0.0552158,0.048584
-75,-60,-0.0752837,0.0529785
-60,-60,-0.200653,0.0593262
-45,-60,-0.312348,0.13623
-30,-60,-0.402756,0.160156
-15,-60,-0.465718,0.5
0,-60,-0.496942,0.5
15,-60,-0.4943,0.5
30,-60,-0.457972,0.5
45,-60,-0.390434,0.5
60,-60,-0.296289,0.5
75,-60,-0.181952,0.5
90,-60,-0.0552158,0.5
105,-60,0.0752837,0.5
120,-60,0.200653,0.5
135,-60,0.312348,0.5
150,-60,0.402756,0.5
165,-60,0.465718,0.5
-180,-30,0.860729,0.0117188
-165,-30,0.856152,0.00952148
-150,-30,0.793231,0.00878906
-135,-30,0.676252,0.00854492
-120,-30,0.513188,0.00854492
-105,-30,0.315151,0.00927734
-90,-30,0.0956365,0.0112305
-75,-30,-0.130395,0.0158691
-60,-30,-0.347541,0.0373535
-45,-30,-0.541002,0.0646973
-30,-30,-0.697595,0.5
-15,-30,-0.806647,0.5
0,-30,-0.860729,0.5
15,-30,-0.856152,0.5
30,-30,-0.793231,0.5
45,-30,-0.676252,0.5
60,-30,-0.513188,0.5
75,-30,-0.315151,0.5
90,-30,-0.0956365,0.5
105,-30,0.130395,0.5
120,-30,0.347541,0.5
135,-30,0.541002,0.141113
150,-30,0.697595,0.0556641
165,-30,0.806647,0.0280762
-180,0,0.993884,0.0102539
-165,0,0.9886,0.00854492
-150,0,0.915944,0.00756836
-135,0,0.780869,0.00732422
-120,0,0.592578,0.00756836
-105,0,0.363905,0.00830078
-90,0,0.110432,0.0100098
-75,0,-0.150567,0.0163574
-60,0,-0.401305,0.0341797
-45,0,-0.624695,0.0603027
-30,0,-0.805513,0.0705566
-15,0,-0.931436,0.5
0,0,-0.993884,0.5
15,0,-0.9886,0.5
30,0,-0.915944,0.5
45,0,-0.780869,0.5
60,0,-0.592578,0.5
75,0,-0.363905,0.5
90,0,-0.110432,0.5
105,0,0.150567,0.5
120,0,0.401305,0.5
135,0,0.624695,0.141602
150,0,0.805513,0.0539551
165,0,0.931436,0.0441895
-180,30,0.860729,0.0117188
-165,30,0.856152,0.00952148
-150,30,0.793231,0.00878906
-135,30,0.676252,0.00854492
-120,30,0.513188,0.00854492
-105,30,0.315151,0.00927734
-90,30,0.0956365,0.0112305
-75,30,-0.130395,0.0146484
-60,30,-0.347541,0.0231934
-45,30,-0.541002,0.0512695
-30,30,-0.697595,0.0532227
-15,30,-0.806647,0.0556641
0,30,-0.860729,0.5
15,30,-0.856152,0.5
30,30,-0.793231,0.5
45,30,-0.676252,0.5
60,30,-0.513188,0.5
75,30,-0.315151,0.5
90,30,-0.0956365,0.5
105,30,0.130395,0.5
120,30,0.347541,0.5
135,30,0.541002,0.141113
150,30,0.697595,0.0556641
165,30,0.806647,0.0280762
-180,60,0.496942,0.0180664
-165,60,0.4943,0.0153809
-150,60,0.457972,0.013916
-135,60,0.390434,0.0134277
-120,60,0.296289,0.013916
-105,60,0.181952,0.0148926
-90,60,0.0552158,0.017334
-75,60,-0.0752837,0.0219727
-60,60,-0.200653,0.0322266
-45,60,-0.312348,0.0339355
-30,60,-0.402756,0.0341797
-15,60,-0.465718,0.0354004
0,60,-0.496942,0.0397949
15,60,-0.4943,0.059082
30,60,-0.457972,0.127197
45,60,-0.390434,0.125
60,60,-0.296289,0.125488
75,60,-0.181952,0.127441
90,60,-0.0552158,0.125977
105,60,0.0752837,0.126953
120,60,0.200653,0.128174
135,60,0.312348,0.0698242
150,60,0.402756,0.048584
165,60,0.465718,0.0285645
{"status":"TARGET_HOLD","reason":"READY","accepted":true,"command":[-0.10913859440225017,0.047333113424615166,0.015758920820717521],"required_prefix":0.01,"best_prefix":7.1671131550746141,"free_directions":55,"refined":false,"command_changed":false,"intent_change_angle":0,"reset_reason":"CONTINUATION_INFEASIBLE","continued":false}
