time 224.95 position  50.087 12.2326 1.85671 velocity 0 0 0 intent   1.98997 -0.147689  0.134919 envelope 0.58
known_body_plus 0 0
known_body_plus 0.005 0
known_body_plus 0.01 0
known_body_plus 0.02 0
known_body_plus 0.03 0
evidence history 16 current 4 pending 49 reached 128 previous_command 0 0 0 proposal 0 0 0
view 0 stamp 224.867 revoked 0 origin 50.3064 12.2163 1.87671
view 1 stamp 224.883 revoked 0 origin 50.1033  12.452 1.87671
view 2 stamp 224.883 revoked 0 origin 49.8677 12.2489 1.87671
view 3 stamp 224.867 revoked 0 origin 50.0708 12.0132 1.87671
view 3 stamp 4.01667 revoked 0 origin -62.4168 -10.7472  2.99764
view 1 stamp 7.01667 revoked 0 origin -57.1692 -9.20863  2.82936
view 3 stamp 11.0167 revoked 0 origin -49.2184 -9.15901  2.33028
view 2 stamp 11.0333 revoked 0 origin -49.4405 -8.98532  2.32975
view 0 stamp 15.1 revoked 0 origin -41.3579 -9.21916  3.04522
view 1 stamp 17.1167 revoked 0 origin  -38.204 -6.98104  3.38446
view 0 stamp 59.1667 revoked 0 origin 40.9768 10.8913 4.54665
view 0 stamp 60.1833 revoked 0 origin 42.9677 11.0362 4.23306
view 0 stamp 61.1833 revoked 0 origin 44.8286 11.1556 3.53259
view 0 stamp 62.2 revoked 0 origin 46.7233 11.4505 2.91252
view 0 stamp 63.2 revoked 0 origin 48.6097  11.795 2.36088
view 2 stamp 64.0833 revoked 0 origin 49.4531 12.1128 1.99457
view 0 stamp 64.7 revoked 0 origin 50.2719 12.2054 1.88654
view 1 stamp 64.65 revoked 0 origin 50.0533  12.436 1.89086
view 3 stamp 64.6333 revoked 0 origin 50.0157 11.9953 1.89247
view 2 stamp 65.0833 revoked 0 origin 49.8677 12.2489 1.87671
motion_scale 0 current 0 saved_certificate 0
motion_scale 0.5 current 0 saved_certificate 0
motion_scale 1 current 0 saved_certificate 0
surface_sample_missing 0.01 0/312
surface_sample_missing 0.1 0/312
surface_sample_missing 0.3 0/312
yaw_deg,pitch_deg,intent_cosine,prefix_m
-180,-60,-0.555914,0
-165,-60,-0.529406,0
-150,-60,-0.470802,0
-135,-60,-0.384094,0
-120,-60,-0.275192,0
-105,-60,-0.151518,0
-90,-60,-0.0214992,0
-75,-60,0.106003,0
-60,-60,0.222301,0
-45,-60,0.319467,0
-30,-60,0.390881,0
-15,-60,0.431676,0
0,-60,0.439071,0
15,-60,0.412563,0
30,-60,0.353959,0
45,-60,0.267251,0
60,-60,0.158349,0
75,-60,0.0346749,0
90,-60,-0.0953438,0
105,-60,-0.222846,0
120,-60,-0.339144,0
135,-60,-0.43631,0
150,-60,-0.507724,0
165,-60,-0.548519,0
-180,-30,-0.895412,0
-165,-30,-0.849499,0
-150,-30,-0.747993,0
-135,-30,-0.597811,0
-120,-30,-0.409188,0
-105,-30,-0.194977,0
-90,-30,0.0302217,0
-75,-30,0.251063,0
-60,-30,0.452495,0
-45,-30,0.620792,0
-30,-30,0.744485,0
-15,-30,0.815144,0
0,-30,0.827953,0
15,-30,0.78204,0
30,-30,0.680534,0
45,-30,0.530352,0
60,-30,0.341728,0
75,-30,0.127518,0
90,-30,-0.097681,0
105,-30,-0.318522,0
120,-30,-0.519955,0
135,-30,-0.688252,0
150,-30,-0.811944,0
165,-30,-0.882603,0
-180,0,-0.994986,0
-165,0,-0.94197,0
-150,0,-0.82476,0
-135,0,-0.651345,0
-120,0,-0.433541,0
-105,0,-0.186193,0
-90,0,0.0738447,0
-75,0,0.32885,0
-60,0,0.561444,0
-45,0,0.755777,0
-30,0,0.898605,0
-15,0,0.980195,0
0,0,0.994986,0
15,0,0.94197,0
30,0,0.82476,0
45,0,0.651345,0
60,0,0.433541,0
75,0,0.186193,0
90,0,-0.0738447,0
105,0,-0.32885,0
120,0,-0.561444,0
135,0,-0.755777,0
150,0,-0.898605,0
165,0,-0.980195,0
-180,30,-0.827953,0
-165,30,-0.78204,0
-150,30,-0.680534,0
-135,30,-0.530352,0
-120,30,-0.341728,0
-105,30,-0.127518,0
-90,30,0.097681,0
-75,30,0.318522,0
-60,30,0.519955,0
-45,30,0.688252,0
-30,30,0.811944,0
-15,30,0.882603,0
0,30,0.895412,0
15,30,0.849499,0
30,30,0.747993,0
45,30,0.597811,0
60,30,0.409188,0
75,30,0.194977,0
90,30,-0.0302217,0
105,30,-0.251063,0
120,30,-0.452495,0
135,30,-0.620792,0
150,30,-0.744485,0
165,30,-0.815144,0
-180,60,-0.439071,0
-165,60,-0.412563,0
-150,60,-0.353959,0
-135,60,-0.267251,0
-120,60,-0.158349,0
-105,60,-0.0346749,0
-90,60,0.0953438,0
-75,60,0.222846,0
-60,60,0.339144,0
-45,60,0.43631,0
-30,60,0.507724,0
-15,60,0.548519,0
0,60,0.555914,0
15,60,0.529406,0
30,60,0.470802,0
45,60,0.384094,0
60,60,0.275192,0
75,60,0.151518,0
90,60,0.0214992,0
105,60,-0.106003,0
120,60,-0.222301,0
135,60,-0.319467,0
150,60,-0.390881,0
165,60,-0.431676,0
{"status":"UNOBSERVED_BODY_ENVELOPE","reason":"","accepted":false,"command":[0,0,0],"required_prefix":0,"best_prefix":0,"free_directions":0,"refined":false,"command_changed":false,"intent_change_angle":0,"reset_reason":"","continued":false}
